1055
1 5
1 8
1 17
1 27
1 42
1 50
1 52
1 55
1 71
1 81
2 12
2 23
2 35
2 37
2 46
2 57
2 62
2 64
2 74
2 90
3 8
3 19
3 25
3 33
3 39
3 41
3 69
3 76
3 80
3 84
3 86
3 88
3 98
4 1
4 30
4 35
4 44
4 46
4 59
4 62
4 65
4 67
4 73
4 90
4 92
5 6
5 8
5 11
5 20
5 39
5 49
5 52
5 79
5 81
5 85
6 2
6 4
6 15
6 24
6 31
6 41
6 56
6 63
6 65
6 69
6 75
6 91
7 18
7 34
7 45
7 50
7 59
7 67
7 82
7 89
8 10
8 12
8 22
8 24
8 39
8 48
8 55
8 63
8 75
8 86
8 91
8 96
9 5
9 16
9 20
9 26
9 29
9 32
9 36
9 41
9 46
9 70
9 73
9 78
9 89
9 93
10 7
10 9
10 13
10 23
10 44
10 52
10 59
10 67
10 81
10 97
11 5
11 15
11 28
11 35
11 38
11 57
11 62
11 78
11 86
11 89
12 1
12 9
12 18
12 30
12 32
12 41
12 51
12 59
12 65
12 71
12 73
12 95
13 5
13 14
13 25
13 39
13 54
13 57
13 81
13 85
13 92
14 2
14 9
14 12
14 18
14 32
14 34
14 43
14 47
14 49
14 52
14 64
14 66
14 88
14 96
15 21
15 25
15 30
15 58
15 70
15 86
15 91
15 94
16 10
16 27
16 40
16 75
16 80
16 88
16 96
17 6
17 15
17 30
17 59
17 63
17 66
17 68
17 77
17 84
18 2
18 22
18 37
18 42
18 46
18 49
18 51
18 55
18 71
18 74
18 89
18 92
19 5
19 7
19 10
19 17
19 19
19 27
19 30
19 34
19 62
19 80
19 87
19 94
19 98
20 2
20 12
20 23
20 37
20 48
20 50
20 54
20 57
20 67
20 70
20 77
21 5
21 14
21 21
21 40
21 42
21 45
21 72
21 74
21 79
21 81
21 96
21 98
22 24
22 28
22 33
22 51
22 54
22 67
22 70
22 85
22 91
23 22
23 47
23 49
23 58
23 62
23 64
23 75
23 77
23 88
23 95
24 5
24 7
24 16
24 25
24 45
24 68
24 79
24 92
24 98
25 9
25 14
25 19
25 23
25 28
25 31
25 34
25 39
25 41
25 48
25 54
25 70
25 73
25 75
25 83
25 87
25 96
26 12
26 36
26 52
26 56
26 59
26 62
26 67
26 79
26 85
27 14
27 17
27 27
27 31
27 38
27 40
27 43
27 47
27 49
27 64
27 82
28 2
28 9
28 24
28 53
28 58
28 72
28 77
28 86
28 90
28 98
29 5
29 22
29 33
29 44
29 47
29 56
29 94
29 96
30 8
30 25
30 28
30 31
30 36
30 39
30 75
30 77
30 84
30 89
30 91
31 13
31 15
31 33
31 43
31 48
31 54
31 57
31 66
31 69
31 79
31 87
31 97
32 9
32 21
32 25
32 29
32 31
32 46
32 50
32 62
32 81
32 93
33 3
33 5
33 18
33 44
33 48
33 68
33 72
33 76
33 87
34 13
34 22
34 32
34 42
34 46
34 59
34 62
34 65
34 78
34 83
34 85
35 1
35 10
35 24
35 34
35 36
35 51
35 54
35 56
35 67
35 71
35 89
35 95
36 4
36 8
36 15
36 19
36 21
36 28
36 39
36 47
36 63
36 75
36 80
36 84
36 86
37 2
37 17
37 26
37 36
37 44
37 56
37 60
37 69
37 92
38 5
38 11
38 14
38 20
38 22
38 30
38 41
38 46
38 67
38 73
38 86
38 90
38 95
38 97
39 3
39 7
39 17
39 25
39 33
39 50
39 54
39 56
39 65
39 76
39 81
40 12
40 23
40 39
40 42
40 52
40 69
40 84
40 86
40 96
41 6
41 20
41 46
41 50
41 62
41 79
41 81
41 88
42 1
42 3
42 25
42 29
42 34
42 37
42 44
42 52
42 60
42 65
42 67
42 75
43 17
43 21
43 32
43 39
43 47
43 49
43 55
43 63
43 80
43 83
43 91
43 94
44 3
44 7
44 24
44 35
44 45
44 66
44 86
45 1
45 9
45 16
45 28
45 43
45 47
45 52
45 70
45 75
45 77
45 88
45 96
46 5
46 7
46 13
46 19
46 21
46 24
46 37
46 45
46 54
46 56
46 58
46 60
46 63
46 65
46 68
46 83
46 92
46 94
47 27
47 32
47 39
47 41
47 80
47 87
47 89
48 4
48 22
48 29
48 36
48 50
48 72
48 75
48 91
49 9
49 12
49 14
49 17
49 25
49 33
49 80
49 97
50 1
50 19
50 21
50 28
50 56
50 58
50 66
50 68
50 71
50 85
50 90
50 94
51 12
51 17
51 25
51 43
51 46
51 51
51 53
51 61
51 73
52 4
52 10
52 33
52 37
52 39
52 55
52 58
52 63
52 79
52 87
52 92
53 18
53 30
53 42
53 44
53 52
53 83
53 96
54 9
54 21
54 25
54 35
54 47
54 57
54 64
54 69
54 71
54 79
54 85
54 90
55 1
55 7
55 14
55 28
55 32
55 39
55 41
55 44
55 55
55 92
55 97
56 12
56 17
56 19
56 24
56 34
56 46
56 49
56 77
56 85
56 87
56 90
56 95
57 22
57 28
57 30
57 36
57 57
57 61
57 67
57 70
57 73
57 82
57 93
58 4
58 10
58 12
58 19
58 32
58 42
58 47
58 51
58 80
58 89
58 98
59 2
59 22
59 24
59 37
59 59
59 61
59 78
59 93
60 13
60 19
60 32
60 47
60 52
60 54
60 64
60 70
60 84
60 96
61 25
61 27
61 30
61 34
61 42
61 58
61 61
61 76
61 93
62 2
62 9
62 12
62 15
62 22
62 37
62 40
62 51
62 54
62 63
62 66
62 68
62 73
62 79
62 87
62 90
62 95
63 4
63 7
63 33
63 46
63 56
63 59
63 93
64 10
64 17
64 19
64 24
64 28
64 39
64 41
64 48
64 61
64 63
64 68
64 70
64 74
64 80
64 95
65 1
65 31
65 33
65 44
65 51
65 85
65 90
65 93
66 14
66 42
66 48
66 55
66 60
66 63
66 68
66 79
66 83
66 87
67 2
67 6
67 9
67 12
67 22
67 32
67 35
67 51
67 72
67 74
67 76
67 96
68 15
68 17
68 20
68 26
68 38
68 61
68 67
68 88
68 91
69 7
69 24
69 29
69 32
69 35
69 40
69 43
69 46
69 50
69 58
69 63
69 72
69 78
69 84
69 86
69 94
69 98
70 5
70 14
70 19
70 55
70 74
70 80
70 88
70 91
71 3
71 28
71 33
71 36
71 40
71 52
71 64
71 72
71 78
71 86
71 95
72 8
72 13
72 49
72 59
72 62
72 66
72 83
72 89
72 98
73 15
73 22
73 36
73 41
73 52
73 55
73 69
73 72
73 76
73 93
74 1
74 13
74 18
74 27
74 29
74 31
74 34
74 43
74 65
74 86
74 89
74 95
75 4
75 7
75 11
75 36
75 39
75 50
75 53
75 63
75 74
75 79
75 83
76 25
76 47
76 61
76 67
76 87
76 91
77 6
77 9
77 16
77 20
77 22
77 27
77 31
77 35
77 37
77 51
77 53
77 56
77 70
77 79
77 85
77 93
78 3
78 11
78 13
78 43
78 59
78 64
78 74
78 76
78 82
78 91
79 30
79 34
79 38
79 40
79 45
79 47
79 56
79 62
79 67
79 86
79 89
79 95
80 1
80 4
80 16
80 20
80 22
80 24
80 50
80 70
80 73
80 80
80 83
80 92
81 27
81 30
81 35
81 46
81 65
81 77
81 86
81 89
82 1
82 5
82 8
82 22
82 38
82 41
82 51
82 54
82 57
82 59
82 70
82 81
82 93
82 95
83 15
83 26
83 30
83 33
83 36
83 46
83 49
83 63
83 68
83 72
83 76
83 87
83 91
83 98
84 9
84 39
84 59
84 80
84 83
85 4
85 13
85 15
85 18
85 21
85 23
85 30
85 50
85 57
85 70
85 74
85 85
85 89
85 91
85 95
86 7
86 9
86 25
86 35
86 39
86 41
86 67
86 77
86 83
86 97
87 1
87 5
87 18
87 22
87 37
87 46
87 53
87 64
87 69
87 75
87 80
87 85
87 88
87 95
88 9
88 62
88 66
88 83
89 6
89 15
89 19
89 26
89 28
89 34
89 41
89 43
89 48
89 54
89 58
89 68
89 71
89 80
89 88
89 91
89 94
90 24
90 38
90 61
90 65
90 96
91 5
91 7
91 12
91 31
91 35
91 40
91 47
91 51
91 63
91 76
91 84
91 92
92 15
92 17
92 19
92 21
92 23
92 28
92 45
92 49
92 56
92 61
92 74
92 88
92 95
93 2
93 7
93 26
93 32
93 35
93 47
93 64
93 80
93 82
93 93
94 9
94 16
94 40
94 43
94 54
94 58
94 60
94 68
94 86
94 90
94 96
95 5
95 11
95 19
95 22
95 49
95 74
95 76
95 78
96 17
96 31
96 33
96 36
96 39
96 45
96 52
96 62
96 69
96 80
96 83
96 87
97 1
97 5
97 7
97 9
97 27
97 43
97 55
97 59
97 64
97 71
97 74
97 85
97 92
97 95
98 11
98 17
98 24
98 31
98 33
98 39
98 45
98 49
98 53
98 67
