1794
1 21
1 31
1 36
1 55
1 57
1 65
1 71
1 98
1 107
2 2
2 8
2 15
2 19
2 26
2 34
2 44
2 51
2 62
2 68
2 76
2 83
2 86
2 90
2 93
2 101
2 104
3 5
3 28
3 31
3 38
3 41
3 57
3 64
3 88
3 99
4 10
4 13
4 17
4 23
4 48
4 71
4 74
4 79
4 92
4 96
5 5
5 21
5 27
5 36
5 38
5 42
5 53
5 59
5 61
5 68
5 76
5 90
5 104
6 2
6 18
6 25
6 29
6 45
6 50
6 55
6 72
6 80
6 95
6 98
6 100
7 6
7 31
7 33
7 48
7 58
7 75
7 85
7 106
8 10
8 14
8 18
8 25
8 37
8 68
8 77
8 94
8 96
8 103
8 108
9 5
9 20
9 22
9 30
9 45
9 48
9 54
9 58
9 63
9 71
9 79
9 82
9 89
9 99
9 105
10 2
10 41
10 43
10 60
10 65
10 74
10 85
10 97
10 108
11 6
11 11
11 16
11 22
11 34
11 36
11 46
11 49
11 68
11 79
11 92
12 1
12 3
12 25
12 40
12 43
12 51
12 54
12 61
12 75
12 82
12 86
12 89
12 95
12 99
12 107
13 9
13 14
13 27
13 31
13 33
13 48
13 58
13 66
13 71
13 103
14 12
14 20
14 25
14 44
14 55
14 74
14 105
15 8
15 14
15 18
15 29
15 72
15 80
15 83
15 91
16 2
16 6
16 31
16 33
16 50
16 54
16 58
16 60
16 64
16 68
16 77
16 87
16 93
16 98
17 15
17 18
17 25
17 37
17 39
17 44
17 66
17 70
17 100
18 8
18 20
18 32
18 56
18 64
18 68
18 75
18 77
18 85
18 92
18 98
18 107
19 3
19 16
19 23
19 29
19 39
19 42
19 51
19 60
19 79
19 82
19 87
19 90
19 105
20 1
20 13
20 49
20 55
20 68
20 71
20 98
20 107
21 7
21 10
21 17
21 24
21 26
21 33
21 35
21 37
21 39
21 58
21 66
21 76
21 79
21 91
21 93
21 100
21 102
22 12
22 15
22 19
22 30
22 41
22 43
22 49
22 55
22 64
22 73
22 83
22 89
22 95
22 106
23 1
23 4
23 21
23 25
23 35
23 52
23 76
23 86
23 91
23 93
23 97
23 101
24 9
24 16
24 33
24 46
24 56
24 60
24 69
24 71
24 74
25 29
25 40
25 43
25 48
25 51
25 66
25 80
25 90
25 92
25 100
25 105
25 107
26 7
26 11
26 23
26 33
26 53
26 57
26 73
26 83
26 88
26 95
26 102
27 4
27 17
27 26
27 29
27 39
27 64
27 68
27 71
27 77
27 79
27 93
27 98
27 104
28 9
28 12
28 14
28 21
28 23
28 36
28 43
28 46
28 49
28 54
28 61
28 82
28 85
28 87
28 90
29 1
29 6
29 19
29 39
29 56
29 96
29 99
29 103
30 16
30 30
30 34
30 37
30 42
30 53
30 69
30 73
30 77
30 86
30 90
30 93
30 106
31 1
31 3
31 12
31 18
31 50
31 59
31 61
31 66
31 80
32 7
32 10
32 23
32 36
32 41
32 43
32 78
32 86
32 93
32 97
32 104
33 1
33 5
33 18
33 27
33 32
33 38
33 55
33 57
33 64
33 68
33 70
33 83
33 101
33 106
34 10
34 16
34 34
34 36
34 40
34 50
34 60
34 74
34 77
34 85
34 88
34 90
34 98
35 3
35 14
35 21
35 29
35 44
35 48
35 58
35 62
35 67
35 80
35 93
35 102
36 7
36 17
36 19
36 23
36 41
36 46
36 52
36 60
36 69
36 76
36 83
36 87
36 104
37 10
37 27
37 29
37 34
37 36
37 55
37 73
37 92
37 94
37 96
37 99
37 102
38 8
38 13
38 16
38 21
38 25
38 40
38 46
38 49
38 57
38 66
38 77
38 79
38 82
38 85
38 87
38 105
39 5
39 33
39 62
39 72
39 89
39 108
40 16
40 18
40 22
40 28
40 30
40 37
40 39
40 45
40 50
40 54
40 66
40 79
40 86
40 104
41 12
41 24
41 34
41 42
41 58
41 63
41 96
41 102
41 106
42 2
42 6
42 9
42 18
42 21
42 37
42 40
42 44
42 46
42 52
42 65
42 73
42 76
42 80
42 85
42 89
42 94
42 99
43 15
43 27
43 31
43 69
43 78
43 107
44 4
44 12
44 19
44 21
44 42
44 45
44 49
44 54
44 58
44 66
44 72
44 74
44 82
44 99
44 103
45 9
45 15
45 17
45 31
45 34
45 51
45 61
45 64
45 68
45 70
45 84
45 88
46 24
46 37
46 55
46 57
46 78
46 80
46 91
46 95
47 1
47 4
47 7
47 28
47 30
47 50
47 64
47 72
47 75
47 85
47 108
48 19
48 24
48 35
48 45
48 47
48 57
48 60
48 62
48 77
48 82
48 87
48 95
48 97
48 99
48 103
49 9
49 12
49 17
49 26
49 43
49 50
49 55
49 68
49 72
49 85
49 91
50 4
50 21
50 30
50 33
50 35
50 38
50 48
50 52
50 61
50 64
50 70
50 75
50 77
50 79
50 95
50 106
51 2
51 7
51 14
51 24
51 41
51 50
51 54
51 67
51 72
51 86
51 89
51 97
52 4
52 16
52 20
52 28
52 79
52 91
52 99
52 105
53 6
53 10
53 26
53 33
53 36
53 43
53 56
53 58
53 60
53 73
53 75
53 83
53 87
53 94
53 97
53 103
54 2
54 12
54 48
54 63
54 68
54 71
54 81
54 105
54 107
55 5
55 15
55 21
55 26
55 34
55 38
55 40
55 46
55 53
55 57
55 91
55 93
55 97
56 17
56 29
56 59
56 65
56 70
56 74
56 77
56 79
56 83
56 85
56 100
56 102
56 105
56 108
57 4
57 10
57 41
57 67
57 93
58 14
58 16
58 19
58 27
58 45
58 58
58 63
58 65
58 76
58 82
58 84
58 86
58 89
58 96
58 107
59 3
59 9
59 22
59 24
59 29
59 33
59 43
59 51
59 56
59 61
59 70
59 92
59 102
60 1
60 5
60 7
60 12
60 15
60 31
60 36
60 59
60 75
60 78
60 81
60 85
60 98
60 100
60 104
61 3
61 10
61 19
61 27
61 29
61 34
61 40
61 47
61 50
61 57
61 73
61 89
61 91
61 93
61 102
61 107
62 22
62 53
62 60
62 64
62 67
62 69
62 76
62 78
62 95
62 97
62 99
63 1
63 3
63 9
63 16
63 18
63 27
63 31
63 42
63 45
63 51
63 56
63 62
63 80
63 85
63 90
63 92
63 101
64 6
64 11
64 13
64 21
64 23
64 25
64 35
64 37
64 40
64 48
64 59
64 64
64 72
64 83
65 9
65 30
65 33
65 44
65 46
65 56
65 66
65 77
65 81
65 93
65 99
66 1
66 3
66 16
66 20
66 26
66 40
66 53
66 62
66 68
66 102
66 106
67 9
67 18
67 28
67 31
67 34
67 37
67 49
67 86
67 90
67 94
67 100
68 16
68 23
68 44
68 60
68 65
68 79
68 108
69 6
69 12
69 18
69 20
69 25
69 30
69 32
69 52
69 54
69 70
69 75
69 83
69 92
69 103
69 106
70 8
70 10
70 28
70 43
70 50
70 64
70 67
70 73
70 78
70 80
70 85
70 96
71 2
71 6
71 12
71 76
71 82
71 91
71 105
72 15
72 23
72 26
72 28
72 31
72 35
72 38
72 44
72 54
72 63
72 68
72 86
72 89
72 93
72 99
72 102
73 6
73 18
73 33
73 40
73 42
73 49
73 51
73 58
73 61
73 65
73 77
73 83
74 10
74 12
74 20
74 27
74 36
74 53
74 56
74 71
74 75
74 81
74 86
74 89
74 94
74 96
74 98
74 102
74 105
75 2
75 5
75 18
75 25
75 30
75 45
75 59
75 64
75 100
75 108
76 20
76 37
76 49
76 55
76 57
76 61
76 76
76 81
76 83
76 86
76 88
76 103
77 11
77 14
77 18
77 51
77 68
77 72
77 74
77 92
77 95
77 98
77 105
78 7
78 25
78 33
78 36
78 48
78 54
78 56
78 60
78 62
78 83
79 5
79 14
79 16
79 20
79 28
79 40
79 44
79 69
79 74
79 86
79 97
79 104
79 108
80 11
80 33
80 37
80 52
80 55
80 57
80 61
80 64
80 67
80 77
80 80
80 89
80 99
80 101
81 1
81 3
81 7
81 15
81 35
81 43
81 49
81 70
81 83
81 91
81 95
81 106
82 11
82 24
82 32
82 53
82 60
82 67
82 77
82 89
82 98
82 100
82 104
83 19
83 40
83 47
83 50
83 55
83 72
83 85
83 87
84 1
84 4
84 8
84 15
84 26
84 28
84 35
84 43
84 52
84 70
84 77
84 79
84 83
84 96
84 102
84 106
85 19
85 24
85 30
85 46
85 49
85 55
85 57
85 61
85 73
85 94
85 98
86 22
86 26
86 34
86 37
86 59
86 63
86 66
86 87
86 90
87 2
87 8
87 12
87 15
87 28
87 43
87 46
87 50
87 61
87 74
87 77
87 80
87 82
87 84
87 92
87 95
87 101
88 4
88 38
88 55
88 63
88 67
88 87
88 89
88 98
89 13
89 23
89 29
89 31
89 34
89 41
89 43
89 53
89 59
89 78
89 80
89 82
89 103
90 8
90 11
90 20
90 26
90 62
90 65
90 68
90 76
90 87
90 91
90 95
90 108
91 5
91 18
91 38
91 46
91 48
91 71
91 73
91 79
91 98
91 100
91 106
92 3
92 7
92 14
92 21
92 24
92 29
92 35
92 44
92 57
92 61
92 63
92 67
92 69
92 83
92 90
92 95
93 5
93 11
93 18
93 32
93 37
93 52
93 59
93 74
93 88
93 100
93 107
94 22
94 25
94 43
94 54
94 64
94 68
94 70
94 77
94 80
94 86
94 105
95 3
95 13
95 17
95 20
95 38
95 40
95 46
95 60
95 73
95 90
95 94
95 97
95 99
95 107
96 1
96 6
96 9
96 32
96 49
96 57
96 68
96 77
96 79
96 83
96 87
96 104
97 3
97 12
97 17
97 22
97 38
97 40
97 47
97 51
97 53
97 60
97 65
97 70
97 98
98 7
98 15
98 19
98 24
98 28
98 31
98 35
98 55
98 78
98 86
98 91
98 96
98 101
99 1
99 11
99 21
99 37
99 39
99 42
99 46
99 50
99 53
99 59
99 61
99 63
99 66
99 73
99 76
99 106
100 4
100 7
100 17
100 19
100 26
100 29
100 55
100 69
100 71
100 79
100 87
100 101
100 103
101 12
101 35
101 39
101 44
101 46
101 58
101 66
101 77
101 82
101 85
101 91
101 93
101 106
102 3
102 9
102 24
102 26
102 37
102 49
102 52
102 63
102 74
102 87
102 95
103 13
103 15
103 18
103 20
103 28
103 32
103 35
103 40
103 56
103 67
103 81
103 83
103 91
103 98
103 100
104 2
104 8
104 11
104 25
104 43
104 45
104 49
104 51
104 54
104 60
104 70
104 72
105 17
105 37
105 58
105 63
105 66
105 74
105 80
105 82
105 86
105 92
105 100
105 104
106 10
106 13
106 22
106 29
106 31
106 40
106 45
106 49
106 52
106 68
106 76
106 78
106 88
106 90
106 96
106 106
107 2
107 7
107 38
107 42
107 55
107 62
107 64
107 80
107 92
108 10
108 13
108 15
108 20
108 23
108 46
108 58
108 68
108 71
108 74
108 85
108 88
108 97
108 99
108 103
108 107
109 8
109 25
109 28
109 31
109 39
109 41
109 48
109 52
109 63
109 66
109 76
109 93
110 4
110 18
110 33
110 35
110 56
110 81
110 83
111 11
111 16
111 21
111 25
111 31
111 38
111 41
111 44
111 46
111 63
111 66
111 77
111 86
111 88
112 1
112 7
112 73
112 102
112 105
112 108
113 4
113 11
113 13
113 18
113 20
113 28
113 33
113 35
113 37
113 40
113 46
113 50
113 53
113 57
113 62
113 66
113 68
113 70
113 80
113 86
113 89
113 93
114 6
114 8
114 15
114 26
114 74
114 76
114 82
114 91
114 95
114 98
114 104
114 107
115 2
115 4
115 11
115 37
115 56
115 58
115 60
115 68
115 86
115 102
116 8
116 15
116 17
116 19
116 33
116 45
116 51
116 62
116 64
116 72
116 75
116 77
116 95
116 106
117 6
117 13
117 21
117 28
117 58
117 82
117 89
118 2
118 4
118 9
118 25
118 31
118 40
118 44
118 52
118 54
118 63
118 69
118 85
118 95
118 101
118 103
118 108
119 17
119 47
119 74
119 79
119 99
120 3
120 6
120 9
120 20
120 32
120 34
120 37
120 51
120 54
120 58
120 62
120 70
120 84
120 88
120 95
120 107
121 11
121 13
121 16
121 26
121 28
121 41
121 47
121 49
121 65
121 68
121 76
121 78
121 92
121 101
122 21
122 23
122 33
122 45
122 53
122 74
122 80
122 82
122 90
122 95
123 2
123 5
123 9
123 11
123 17
123 29
123 31
123 38
123 41
123 43
123 50
123 55
123 59
123 62
123 78
123 92
123 99
124 13
124 34
124 69
124 72
124 82
124 88
124 103
124 105
125 1
125 5
125 7
125 10
125 23
125 26
125 31
125 36
125 39
125 43
125 46
125 49
125 51
125 56
125 59
125 63
125 66
125 80
125 92
125 94
125 97
126 54
126 68
126 74
126 76
126 84
126 100
127 5
127 13
127 16
127 24
127 27
127 29
127 32
127 38
127 41
127 72
127 96
127 98
127 104
127 107
128 3
128 18
128 22
128 50
128 52
128 61
128 64
128 69
128 77
128 87
128 90
128 93
128 100
129 8
129 12
129 14
129 20
129 26
129 34
129 56
129 66
129 80
129 84
129 102
130 4
130 18
130 22
130 31
130 41
130 43
130 47
130 52
130 60
130 62
130 74
130 93
130 95
131 9
131 16
131 29
131 34
131 37
131 50
131 67
131 78
131 83
131 87
131 106
132 2
132 4
132 12
132 18
132 26
132 39
132 41
132 43
132 54
132 61
132 64
132 80
132 90
132 93
132 100
133 22
133 37
133 47
133 56
133 58
133 72
133 75
133 83
133 87
133 96
133 102
134 15
134 18
134 25
134 32
134 66
134 89
135 4
135 6
135 12
135 20
135 28
135 30
135 36
135 40
135 43
135 48
135 58
135 60
135 62
135 64
135 75
135 77
135 79
135 81
135 92
135 94
135 100
135 104
136 17
136 23
136 38
136 52
136 56
136 67
136 72
136 84
136 98
137 6
137 11
137 13
137 21
137 27
137 40
137 42
137 45
137 69
137 87
137 106
138 16
138 33
138 51
138 55
138 58
138 63
138 82
138 85
138 92
139 4
139 6
139 8
139 19
139 28
139 37
139 48
139 69
139 73
139 78
139 88
139 94
139 101
139 106
140 11
140 25
140 33
140 39
140 54
140 56
140 65
140 71
140 91
141 16
141 23
141 37
141 43
141 50
141 52
141 61
141 63
141 69
141 79
141 83
141 87
141 93
141 95
141 97
142 2
142 5
142 7
142 21
142 27
142 32
142 55
142 67
142 75
142 89
142 101
142 105
142 107
143 9
143 12
143 29
143 40
143 49
143 57
143 59
143 62
143 64
143 72
143 85
143 91
143 93
143 96
144 4
144 23
144 32
144 36
144 51
144 70
144 76
144 81
144 88
144 106
145 13
145 26
145 39
145 43
145 45
145 48
145 53
145 62
145 66
145 79
146 4
146 6
146 15
146 20
146 28
146 35
146 51
146 56
146 60
146 71
146 85
146 94
146 97
146 104
146 107
147 1
147 9
147 11
147 33
147 38
147 45
147 64
147 66
147 76
147 81
147 91
147 100
148 6
148 18
148 31
148 40
148 48
148 53
148 56
148 59
148 61
148 70
148 73
148 78
148 96
148 98
148 102
148 106
148 108
