6561
1 9
1 43
1 47
1 49
1 52
1 59
1 63
1 74
1 101
1 109
1 123
1 134
1 151
1 166
1 179
1 188
1 191
1 194
1 213
1 216
1 226
1 245
1 255
1 258
1 260
1 276
1 278
1 282
1 286
1 288
1 295
1 297
2 5
2 7
2 13
2 15
2 20
2 27
2 54
2 61
2 106
2 117
2 119
2 126
2 138
2 140
2 148
2 154
2 173
2 184
2 200
2 203
2 221
2 231
2 248
2 250
2 252
2 273
3 1
3 17
3 23
3 33
3 37
3 40
3 58
3 67
3 71
3 75
3 79
3 83
3 86
3 94
3 97
3 113
3 128
3 132
3 134
3 160
3 164
3 170
3 182
3 209
3 225
3 240
3 244
3 257
3 259
3 262
3 269
3 281
3 288
4 4
4 14
4 35
4 42
4 44
4 50
4 62
4 64
4 92
4 111
4 122
4 143
4 151
4 157
4 176
4 179
4 187
4 191
4 193
4 204
4 207
4 212
4 223
4 230
4 233
4 242
4 247
4 250
4 252
4 266
4 278
4 284
4 292
5 6
5 8
5 28
5 32
5 60
5 72
5 79
5 98
5 106
5 109
5 115
5 119
5 131
5 139
5 141
5 148
5 171
5 173
5 189
5 196
5 209
5 216
5 220
5 228
5 259
5 270
6 2
6 10
6 21
6 25
6 30
6 47
6 53
6 57
6 70
6 76
6 90
6 92
6 102
6 123
6 125
6 127
6 152
6 154
6 166
6 177
6 181
6 184
6 186
6 191
6 199
6 205
6 222
6 225
6 235
6 254
6 261
6 263
6 267
6 287
7 7
7 28
7 33
7 40
7 45
7 50
7 59
7 65
7 80
7 85
7 87
7 107
7 109
7 130
7 132
7 134
7 136
7 142
7 144
7 160
7 171
7 189
7 202
7 207
7 210
7 227
7 230
7 232
7 238
7 240
7 246
7 265
7 270
7 276
7 281
7 285
7 293
7 296
8 4
8 15
8 18
8 22
8 36
8 54
8 78
8 83
8 89
8 100
8 104
8 121
8 123
8 125
8 140
8 146
8 152
8 154
8 164
8 167
8 169
8 174
8 199
8 205
8 212
8 216
8 220
8 235
8 242
8 251
8 256
8 258
8 260
8 267
8 287
8 289
9 10
9 13
9 24
9 34
9 48
9 57
9 69
9 72
9 86
9 92
9 95
9 98
9 115
9 129
9 159
9 177
9 183
9 188
9 192
9 196
9 201
9 228
9 244
9 248
9 264
9 272
9 276
9 278
9 283
10 5
10 21
10 26
10 37
10 39
10 44
10 46
10 55
10 60
10 62
10 77
10 82
10 84
10 90
10 111
10 119
10 132
10 138
10 149
10 152
10 154
10 167
10 169
10 174
10 179
10 181
10 186
10 205
10 208
10 218
10 220
10 225
10 235
10 250
10 274
11 2
11 7
11 10
11 15
11 23
11 29
11 67
11 79
11 96
11 98
11 106
11 121
11 126
11 135
11 145
11 156
11 190
11 192
11 195
11 199
11 201
11 211
11 215
11 238
11 240
11 244
11 248
11 262
11 268
11 271
11 281
11 293
12 43
12 45
12 50
12 53
12 69
12 74
12 87
12 93
12 101
12 104
12 108
12 132
12 141
12 152
12 158
12 162
12 164
12 169
12 174
12 178
12 181
12 185
12 204
12 220
12 225
12 232
12 257
12 265
12 296
13 3
13 19
13 28
13 34
13 38
13 58
13 62
13 80
13 82
13 84
13 99
13 110
13 117
13 125
13 129
13 138
13 144
13 156
13 167
13 196
13 206
13 216
13 218
13 235
13 243
13 245
13 249
13 252
13 255
13 263
13 270
13 278
13 285
13 292
13 298
14 7
14 9
14 12
14 16
14 21
14 30
14 41
14 52
14 55
14 60
14 73
14 78
14 88
14 90
14 96
14 104
14 107
14 122
14 127
14 147
14 152
14 159
14 164
14 184
14 189
14 191
14 193
14 209
14 231
14 233
14 237
14 240
14 260
14 268
14 273
14 287
15 3
15 5
15 23
15 27
15 32
15 46
15 48
15 50
15 57
15 65
15 69
15 81
15 92
15 100
15 115
15 132
15 141
15 154
15 186
15 195
15 198
15 201
15 212
15 224
15 247
15 262
15 266
15 270
15 275
15 280
15 294
16 7
16 10
16 19
16 21
16 42
16 53
16 63
16 72
16 75
16 85
16 88
16 90
16 96
16 111
16 117
16 135
16 138
16 148
16 151
16 156
16 162
16 170
16 177
16 182
16 189
16 204
16 206
16 226
16 229
16 238
16 242
16 245
16 250
16 254
16 287
16 289
16 296
16 298
17 16
17 58
17 68
17 79
17 100
17 114
17 121
17 128
17 131
17 145
17 160
17 164
17 167
17 175
17 185
17 194
17 208
17 224
17 231
17 258
17 263
17 266
17 272
17 274
17 276
17 293
18 29
18 31
18 34
18 44
18 49
18 55
18 74
18 77
18 84
18 94
18 96
18 102
18 107
18 134
18 138
18 142
18 154
18 156
18 162
18 170
18 180
18 187
18 190
18 210
18 215
18 222
18 241
18 248
18 256
18 281
19 4
19 10
19 13
19 20
19 24
19 60
19 64
19 71
19 79
19 82
19 99
19 111
19 113
19 115
19 120
19 125
19 127
19 131
19 145
19 149
19 159
19 164
19 166
19 174
19 202
19 206
19 208
19 212
19 218
19 226
19 228
19 231
19 235
19 251
19 265
19 269
19 277
19 287
19 293
19 295
20 2
20 6
20 17
20 33
20 37
20 44
20 47
20 66
20 84
20 87
20 91
20 103
20 108
20 134
20 140
20 143
20 157
20 177
20 182
20 185
20 188
20 194
20 198
20 214
20 222
20 238
20 244
20 258
20 262
20 280
20 283
20 297
21 4
21 9
21 11
21 20
21 27
21 29
21 51
21 56
21 63
21 68
21 70
21 74
21 89
21 100
21 106
21 130
21 132
21 136
21 159
21 165
21 168
21 173
21 192
21 204
21 208
21 211
21 217
21 228
21 230
21 233
21 242
21 247
21 249
21 253
21 269
21 275
21 277
21 285
21 291
21 295
22 13
22 18
22 38
22 41
22 48
22 61
22 72
22 80
22 85
22 98
22 104
22 146
22 153
22 162
22 170
22 175
22 180
22 183
22 195
22 200
22 206
22 219
22 222
22 224
22 236
22 256
22 261
22 264
22 272
22 293
23 7
23 16
23 26
23 29
23 32
23 35
23 50
23 68
23 77
23 83
23 87
23 93
23 108
23 116
23 119
23 124
23 126
23 135
23 138
23 150
23 155
23 187
23 190
23 193
23 197
23 204
23 213
23 217
23 226
23 229
23 254
23 266
23 282
23 284
23 288
23 296
24 3
24 11
24 44
24 47
24 53
24 56
24 60
24 65
24 70
24 74
24 90
24 98
24 104
24 106
24 111
24 141
24 159
24 164
24 176
24 181
24 195
24 235
24 237
24 244
24 250
24 252
24 260
24 264
24 268
24 271
24 276
25 6
25 19
25 23
25 26
25 36
25 58
25 82
25 114
25 124
25 128
25 131
25 133
25 137
25 145
25 153
25 157
25 173
25 184
25 187
25 189
25 206
25 208
25 241
25 284
25 294
26 8
26 16
26 29
26 40
26 49
26 61
26 64
26 67
26 73
26 76
26 78
26 86
26 89
26 94
26 96
26 102
26 106
26 110
26 116
26 120
26 139
26 147
26 166
26 168
26 170
26 177
26 181
26 196
26 198
26 212
26 221
26 223
26 231
26 235
26 245
26 249
26 257
26 259
26 281
26 290
26 292
26 297
27 5
27 12
27 14
27 19
27 31
27 36
27 42
27 45
27 58
27 92
27 100
27 133
27 142
27 150
27 185
27 189
27 201
27 215
27 218
27 243
27 252
27 267
27 269
27 274
27 276
27 294
28 2
28 7
28 27
28 34
28 47
28 53
28 56
28 65
28 68
28 71
28 73
28 94
28 97
28 105
28 113
28 120
28 125
28 127
28 131
28 135
28 140
28 154
28 157
28 159
28 161
28 165
28 180
28 183
28 194
28 196
28 222
28 224
28 226
28 238
28 246
28 248
28 256
28 262
28 265
28 284
28 289
29 12
29 15
29 17
29 25
29 30
29 32
29 38
29 40
29 49
29 51
29 62
29 77
29 83
29 91
29 99
29 111
29 117
29 133
29 144
29 152
29 163
29 170
29 174
29 176
29 178
29 189
29 192
29 208
29 234
29 241
29 243
29 260
29 275
29 286
29 292
30 1
30 4
30 6
30 10
30 22
30 35
30 53
30 56
30 60
30 68
30 71
30 89
30 96
30 124
30 126
30 130
30 137
30 141
30 148
30 154
30 200
30 210
30 212
30 215
30 219
30 228
30 232
30 239
30 254
30 265
30 279
30 283
30 290
31 18
31 20
31 31
31 48
31 63
31 65
31 81
31 83
31 86
31 99
31 101
31 104
31 110
31 117
31 121
31 128
31 143
31 158
31 162
31 166
31 170
31 175
31 187
31 189
31 198
31 204
31 221
31 223
31 237
31 248
31 252
31 256
31 271
31 286
31 295
32 25
32 28
32 33
32 37
32 42
32 44
32 46
32 57
32 67
32 74
32 91
32 126
32 134
32 136
32 151
32 164
32 178
32 192
32 195
32 214
32 219
32 226
32 231
32 235
32 258
32 263
32 268
32 273
32 277
32 290
32 292
32 297
33 3
33 30
33 50
33 69
33 71
33 79
33 86
33 105
33 115
33 120
33 122
33 130
33 132
33 138
33 144
33 146
33 154
33 162
33 166
33 170
33 176
33 181
33 184
33 189
33 202
33 217
33 237
33 245
33 255
33 260
33 284
33 295
34 6
34 14
34 20
34 22
34 33
34 37
34 52
34 55
34 63
34 82
34 98
34 102
34 107
34 109
34 149
34 172
34 178
34 197
34 199
34 207
34 209
34 211
34 214
34 221
34 225
34 239
34 247
34 265
34 267
34 269
34 273
34 281
34 287
34 298
35 12
35 16
35 24
35 30
35 41
35 46
35 48
35 59
35 61
35 67
35 71
35 77
35 89
35 92
35 96
35 111
35 118
35 132
35 135
35 139
35 141
35 157
35 181
35 190
35 216
35 228
35 231
35 243
35 259
35 261
35 276
35 293
35 295
36 5
36 9
36 19
36 38
36 43
36 74
36 85
36 87
36 103
36 106
36 113
36 115
36 121
36 123
36 143
36 147
36 149
36 154
36 168
36 186
36 193
36 195
36 200
36 205
36 207
36 213
36 222
36 224
36 233
36 241
36 248
36 251
36 279
36 284
37 15
37 17
37 26
37 29
37 35
37 45
37 47
37 50
37 55
37 63
37 67
37 72
37 81
37 93
37 100
37 128
37 136
37 140
37 151
37 161
37 170
37 174
37 218
37 235
37 239
37 246
37 256
37 264
37 272
37 282
37 289
37 292
37 298
38 8
38 33
38 61
38 75
38 83
38 91
38 98
38 109
38 120
38 125
38 138
38 146
38 158
38 165
38 177
38 179
38 181
38 184
38 189
38 192
38 198
38 202
38 210
38 216
38 223
38 227
38 229
38 232
38 249
38 254
38 268
38 275
38 280
38 284
38 294
38 296
39 3
39 10
39 15
39 21
39 23
39 31
39 35
39 37
39 39
39 44
39 46
39 55
39 58
39 65
39 81
39 89
39 93
39 96
39 101
39 107
39 112
39 115
39 117
39 131
39 136
39 151
39 155
39 162
39 169
39 194
39 205
39 207
39 212
39 234
39 236
39 244
39 261
39 270
39 272
39 286
40 6
40 41
40 52
40 67
40 69
40 78
40 98
40 104
40 121
40 128
40 139
40 141
40 146
40 159
40 172
40 177
40 186
40 190
40 192
40 197
40 199
40 209
40 231
40 240
40 246
40 249
40 253
40 256
40 258
40 264
40 266
40 275
40 284
40 289
40 291
40 297
41 1
41 8
41 30
41 33
41 37
41 39
41 46
41 56
41 59
41 63
41 65
41 73
41 75
41 83
41 91
41 101
41 134
41 151
41 163
41 167
41 180
41 202
41 204
41 213
41 218
41 223
41 225
41 238
41 244
41 251
41 271
41 273
41 282
41 286
42 11
42 14
42 18
42 21
42 79
42 85
42 89
42 93
42 95
42 103
42 113
42 126
42 129
42 132
42 155
42 165
42 173
42 177
42 183
42 192
42 195
42 216
42 221
42 231
42 240
42 247
42 254
42 261
42 278
42 288
42 296
43 6
43 8
43 29
43 37
43 41
43 43
43 50
43 67
43 70
43 74
43 76
43 115
43 119
43 123
43 135
43 169
43 180
43 187
43 189
43 202
43 211
43 214
43 219
43 233
43 237
43 244
43 259
43 263
43 266
43 268
43 270
43 294
44 12
44 17
44 20
44 22
44 27
44 31
44 47
44 59
44 62
44 87
44 90
44 92
44 96
44 98
44 102
44 109
44 117
44 126
44 129
44 137
44 150
44 157
44 160
44 162
44 178
44 184
44 192
44 235
44 250
44 277
44 280
44 285
45 2
45 25
45 29
45 33
45 36
45 44
45 51
45 53
45 56
45 64
45 75
45 84
45 122
45 124
45 142
45 147
45 155
45 171
45 174
45 190
45 197
45 200
45 210
45 214
45 223
45 226
45 228
45 241
45 245
45 248
45 253
45 258
45 264
45 270
45 273
45 282
45 289
45 297
46 5
46 8
46 15
46 42
46 48
46 62
46 70
46 80
46 92
46 101
46 112
46 120
46 136
46 138
46 144
46 157
46 160
46 178
46 183
46 186
46 193
46 205
46 218
46 231
46 267
46 280
46 292
47 3
47 19
47 21
47 24
47 39
47 46
47 59
47 65
47 67
47 76
47 82
47 84
47 88
47 107
47 115
47 118
47 131
47 154
47 163
47 168
47 170
47 176
47 191
47 203
47 207
47 221
47 225
47 227
47 239
47 247
47 251
47 259
47 278
47 285
47 288
47 298
48 9
48 13
48 16
48 27
48 35
48 41
48 52
48 73
48 95
48 98
48 105
48 122
48 125
48 136
48 140
48 145
48 172
48 180
48 184
48 188
48 210
48 215
48 217
48 236
48 243
48 256
48 264
48 283
48 292
49 4
49 21
49 23
49 31
49 48
49 56
49 62
49 70
49 75
49 79
49 89
49 107
49 109
49 116
49 118
49 133
49 148
49 162
49 165
49 174
49 186
49 199
49 213
49 219
49 225
49 230
49 254
49 267
49 272
49 275
49 294
50 12
50 14
50 18
50 40
50 58
50 67
50 73
50 84
50 87
50 91
50 101
50 104
50 114
50 127
50 131
50 137
50 143
50 145
50 151
50 153
50 178
50 183
50 190
50 195
50 204
50 222
50 232
50 246
50 258
50 262
50 278
50 284
50 289
51 22
51 26
51 36
51 38
51 42
51 50
51 60
51 71
51 75
51 78
51 80
51 89
51 93
51 123
51 134
51 156
51 160
51 162
51 165
51 170
51 172
51 174
51 180
51 187
51 192
51 210
51 214
51 218
51 228
51 234
51 250
51 264
51 273
51 281
51 293
51 295
52 6
52 9
52 15
52 18
52 24
52 30
52 32
52 34
52 40
52 46
52 53
52 56
52 73
52 83
52 87
52 104
52 110
52 115
52 117
52 120
52 136
52 140
52 143
52 145
52 149
52 203
52 225
52 231
52 239
52 244
52 258
52 260
52 271
52 278
52 283
52 287
53 1
53 43
53 50
53 64
53 66
53 69
53 71
53 89
53 96
53 100
53 124
53 126
53 138
53 159
53 161
53 176
53 186
53 195
53 212
53 216
53 222
53 234
53 241
53 253
53 263
53 265
53 273
53 275
53 290
53 293
54 3
54 13
54 17
54 19
54 24
54 30
54 32
54 38
54 41
54 55
54 80
54 83
54 86
54 93
54 104
54 110
54 114
54 129
54 136
54 141
54 144
54 147
54 149
54 151
54 157
54 166
54 171
54 174
54 181
54 204
54 206
54 209
54 219
54 245
54 255
54 270
54 280
55 21
55 35
55 48
55 53
55 60
55 68
55 70
55 97
55 102
55 119
55 125
55 154
55 183
55 191
55 195
55 198
55 201
55 228
55 230
55 232
55 234
55 251
55 257
55 260
55 275
55 277
55 294
56 10
56 13
56 23
56 28
56 31
56 38
56 41
56 46
56 56
56 62
56 78
56 80
56 89
56 91
56 105
56 107
56 110
56 112
56 123
56 133
56 136
56 140
56 142
56 145
56 152
56 161
56 163
56 169
56 177
56 181
56 185
56 203
56 207
56 217
56 220
56 223
56 246
56 266
56 271
56 279
56 283
56 286
56 289
56 291
56 296
57 3
57 6
57 15
57 33
57 35
57 43
57 48
57 51
57 53
57 60
57 70
57 74
57 84
57 96
57 114
57 126
57 147
57 150
57 158
57 172
57 188
57 192
57 196
57 211
57 213
57 215
57 239
57 243
57 255
57 258
57 262
57 274
57 294
57 298
58 8
58 11
58 18
58 20
58 37
58 46
58 63
58 76
58 80
58 89
58 98
58 103
58 134
58 139
58 153
58 155
58 162
58 165
58 179
58 183
58 200
58 218
58 220
58 223
58 227
58 230
58 235
58 245
58 251
58 253
58 284
58 291
59 5
59 16
59 22
59 40
59 48
59 53
59 55
59 70
59 91
59 108
59 121
59 124
59 127
59 132
59 142
59 148
59 159
59 167
59 173
59 177
59 185
59 188
59 191
59 193
59 195
59 197
59 206
59 209
59 238
59 240
59 243
59 255
59 266
59 271
59 277
59 280
59 282
59 287
60 1
60 7
60 27
60 43
60 46
60 64
60 66
60 82
60 88
60 93
60 95
60 100
60 112
60 114
60 116
60 129
60 135
60 138
60 157
60 163
60 175
60 182
60 204
60 226
60 233
60 248
60 253
60 260
60 275
61 5
61 10
61 13
61 19
61 29
61 34
61 37
61 49
61 59
61 62
61 71
61 74
61 85
61 103
61 110
61 160
61 167
61 180
61 185
61 192
61 197
61 207
61 213
61 215
61 218
61 222
61 228
61 239
61 243
61 255
61 267
61 283
61 289
61 295
61 297
62 24
62 39
62 45
62 47
62 55
62 83
62 89
62 93
62 98
62 114
62 117
62 120
62 135
62 138
62 140
62 148
62 151
62 155
62 164
62 187
62 200
62 203
62 225
62 233
62 245
62 247
62 251
62 258
62 263
62 275
63 15
63 18
63 26
63 29
63 33
63 42
63 64
63 77
63 86
63 91
63 100
63 104
63 123
63 144
63 174
63 183
63 190
63 230
63 236
63 266
63 268
63 272
63 277
63 281
63 285
63 288
63 294
64 12
64 22
64 36
64 47
64 51
64 55
64 59
64 61
64 70
64 74
64 80
64 113
64 125
64 130
64 135
64 147
64 158
64 171
64 178
64 185
64 187
64 195
64 212
64 233
64 238
64 242
64 250
64 253
64 279
64 283
64 296
65 5
65 9
65 14
65 17
65 20
65 26
65 31
65 49
65 53
65 78
65 90
65 92
65 97
65 102
65 105
65 132
65 137
65 143
65 150
65 154
65 163
65 166
65 181
65 191
65 197
65 201
65 203
65 207
65 215
65 223
65 227
65 230
65 257
65 275
65 288
66 12
66 33
66 37
66 41
66 46
66 62
66 65
66 71
66 74
66 76
66 84
66 94
66 100
66 107
66 118
66 120
66 124
66 127
66 129
66 159
66 178
66 184
66 189
66 193
66 195
66 199
66 210
66 212
66 220
66 225
66 239
66 246
66 248
66 251
66 271
66 279
67 24
67 26
67 28
67 31
67 35
67 43
67 48
67 54
67 67
67 78
67 80
67 86
67 114
67 136
67 151
67 164
67 166
67 170
67 173
67 187
67 204
67 206
67 214
67 222
67 229
67 243
67 256
67 258
67 261
67 264
67 273
67 288
67 293
68 2
68 15
68 19
68 40
68 65
68 70
68 76
68 84
68 89
68 91
68 93
68 105
68 108
68 111
68 119
68 131
68 144
68 153
68 155
68 161
68 176
68 184
68 190
68 193
68 202
68 210
68 226
68 266
68 277
68 282
68 285
68 296
69 4
69 12
69 25
69 28
69 36
69 38
69 50
69 59
69 62
69 73
69 80
69 86
69 98
69 101
69 116
69 134
69 148
69 169
69 171
69 173
69 195
69 197
69 204
69 218
69 230
69 234
69 241
69 246
69 250
69 259
69 261
69 270
69 272
69 288
69 290
70 2
70 8
70 10
70 20
70 40
70 42
70 44
70 53
70 69
70 92
70 107
70 123
70 126
70 131
70 141
70 145
70 150
70 157
70 181
70 199
70 201
70 212
70 214
70 216
70 254
70 264
70 281
71 18
71 22
71 28
71 33
71 37
71 47
71 50
71 61
71 63
71 66
71 74
71 77
71 79
71 88
71 102
71 112
71 116
71 128
71 138
71 155
71 162
71 166
71 176
71 178
71 186
71 192
71 206
71 208
71 219
71 222
71 225
71 227
71 234
71 237
71 240
71 249
71 273
71 275
71 295
72 2
72 15
72 31
72 52
72 54
72 81
72 85
72 96
72 98
72 140
72 151
72 160
72 174
72 180
72 182
72 184
72 195
72 199
72 214
72 246
72 251
72 255
72 260
72 270
72 277
72 289
73 8
73 11
73 20
73 28
73 35
73 43
73 45
73 60
73 63
73 67
73 71
73 75
73 77
73 90
73 105
73 109
73 114
73 118
73 124
73 129
73 146
73 157
73 163
73 171
73 189
73 191
73 193
73 201
73 208
73 212
73 224
73 227
73 232
73 238
73 241
73 244
73 248
73 262
73 273
73 280
73 285
74 5
74 33
74 40
74 49
74 69
74 82
74 94
74 98
74 102
74 107
74 126
74 133
74 137
74 152
74 155
74 160
74 169
74 174
74 176
74 187
74 196
74 218
74 221
74 230
74 246
74 253
74 258
74 266
74 269
74 278
74 283
74 290
74 298
75 20
75 23
75 35
75 45
75 64
75 72
75 75
75 86
75 89
75 104
75 109
75 113
75 116
75 121
75 123
75 128
75 135
75 139
75 142
75 146
75 149
75 162
75 164
75 171
75 178
75 181
75 183
75 185
75 198
75 205
75 209
75 212
75 216
75 225
75 272
75 275
75 288
75 293
75 295
76 8
76 13
76 25
76 27
76 51
76 56
76 61
76 77
76 95
76 97
76 119
76 137
76 166
76 174
76 190
76 194
76 196
76 200
76 222
76 228
76 236
76 238
76 245
76 253
76 259
76 264
76 268
76 279
76 291
77 2
77 11
77 15
77 18
77 20
77 32
77 38
77 59
77 74
77 84
77 99
77 102
77 104
77 117
77 133
77 152
77 160
77 177
77 180
77 183
77 202
77 208
77 217
77 249
77 270
77 273
77 287
78 23
78 26
78 36
78 43
78 47
78 52
78 65
78 80
78 88
78 122
78 135
78 138
78 143
78 146
78 155
78 157
78 170
78 174
78 185
78 188
78 190
78 194
78 197
78 206
78 221
78 232
78 252
78 258
78 267
78 276
78 278
78 282
78 290
78 293
78 298
79 3
79 6
79 19
79 21
79 29
79 33
79 55
79 58
79 61
79 63
79 67
79 91
79 94
79 101
79 105
79 110
79 113
79 118
79 120
79 149
79 151
79 159
79 161
79 166
79 181
79 183
79 210
79 212
79 214
79 229
79 237
79 245
79 256
79 261
79 265
79 271
79 296
80 14
80 38
80 42
80 44
80 69
80 78
80 81
80 85
80 108
80 115
80 125
80 127
80 135
80 140
80 143
80 157
80 173
80 175
80 177
80 186
80 200
80 202
80 205
80 216
80 239
80 243
80 249
80 286
80 291
81 2
81 4
81 16
81 22
81 24
81 40
81 49
81 58
81 61
81 74
81 83
81 98
81 102
81 118
81 120
81 129
81 133
81 148
81 152
81 155
81 164
81 166
81 170
81 195
81 207
81 224
81 232
81 237
81 247
81 252
81 254
81 257
81 263
81 266
81 268
81 273
81 293
81 296
82 11
82 14
82 26
82 69
82 81
82 85
82 88
82 96
82 106
82 108
82 115
82 131
82 150
82 159
82 173
82 181
82 185
82 189
82 191
82 193
82 197
82 202
82 216
82 227
82 243
82 282
82 285
83 19
83 22
83 28
83 33
83 35
83 46
83 53
83 57
83 61
83 77
83 79
83 113
83 121
83 123
83 139
83 144
83 154
83 157
83 162
83 179
83 199
83 205
83 212
83 221
83 231
83 234
83 236
83 246
83 265
83 269
83 272
83 274
83 276
83 278
83 290
83 293
84 4
84 6
84 12
84 44
84 51
84 68
84 92
84 95
84 97
84 101
84 104
84 118
84 127
84 132
84 136
84 142
84 171
84 181
84 192
84 208
84 243
84 251
84 253
84 257
84 261
84 288
84 295
85 39
85 42
85 46
85 48
85 66
85 70
85 73
85 75
85 79
85 81
85 85
85 111
85 125
85 146
85 149
85 154
85 158
85 162
85 174
85 176
85 186
85 196
85 201
85 204
85 212
85 215
85 217
85 219
85 223
85 226
85 228
85 231
85 233
85 247
85 265
85 268
85 291
86 9
86 11
86 13
86 25
86 37
86 50
86 52
86 57
86 59
86 83
86 88
86 98
86 108
86 113
86 115
86 121
86 130
86 135
86 141
86 151
86 167
86 172
86 181
86 184
86 189
86 192
86 241
86 245
86 251
86 253
86 270
86 276
86 280
86 295
87 16
87 18
87 22
87 32
87 55
87 65
87 67
87 70
87 79
87 92
87 95
87 102
87 105
87 110
87 118
87 126
87 139
87 144
87 153
87 156
87 161
87 165
87 175
87 178
87 194
87 198
87 203
87 205
87 209
87 220
87 223
87 234
87 248
87 255
87 258
87 267
87 284
87 297
88 5
88 34
88 38
88 41
88 44
88 51
88 59
88 75
88 85
88 132
88 134
88 159
88 168
88 184
88 186
88 191
88 211
88 213
88 229
88 231
88 242
88 246
88 253
88 262
88 270
88 274
88 277
88 280
88 289
88 294
89 7
89 13
89 15
89 19
89 47
89 79
89 83
89 90
89 98
89 103
89 108
89 114
89 116
89 119
89 124
89 137
89 144
89 149
89 153
89 156
89 170
89 173
89 181
89 195
89 204
89 208
89 220
89 226
89 235
89 240
89 255
89 267
89 272
89 297
90 5
90 11
90 29
90 32
90 39
90 41
90 53
90 62
90 68
90 73
90 77
90 94
90 100
90 128
90 133
90 140
90 160
90 165
90 179
90 188
90 215
90 218
90 222
90 229
90 231
90 238
90 249
90 277
90 279
90 288
90 292
91 23
91 34
91 45
91 50
91 56
91 75
91 85
91 107
91 110
91 114
91 117
91 124
91 130
91 137
91 145
91 149
91 171
91 204
91 209
91 212
91 227
91 234
91 245
91 251
91 254
91 257
91 265
91 281
92 2
92 4
92 16
92 18
92 20
92 27
92 31
92 36
92 48
92 54
92 63
92 66
92 71
92 80
92 87
92 90
92 93
92 99
92 104
92 112
92 120
92 127
92 152
92 158
92 161
92 168
92 182
92 186
92 206
92 216
92 221
92 225
92 237
92 247
92 273
92 277
92 284
92 291
92 294
93 13
93 40
93 74
93 76
93 82
93 84
93 107
93 110
93 116
93 122
93 130
93 132
93 135
93 138
93 147
93 150
93 155
93 163
93 170
93 174
93 184
93 193
93 204
93 208
93 211
93 214
93 232
93 235
93 250
93 256
93 258
93 263
93 268
93 296
94 38
94 43
94 46
94 49
94 56
94 59
94 64
94 66
94 68
94 70
94 90
94 92
94 103
94 114
94 120
94 140
94 142
94 152
94 157
94 161
94 166
94 178
94 181
94 196
94 201
94 227
94 237
94 239
94 241
94 270
94 276
94 279
94 281
94 289
94 291
95 4
95 6
95 8
95 12
95 14
95 21
95 24
95 30
95 34
95 51
95 62
95 76
95 80
95 86
95 88
95 97
95 109
95 111
95 127
95 130
95 137
95 145
95 169
95 172
95 176
95 188
95 208
95 215
95 222
95 224
95 230
95 235
95 266
95 272
96 2
96 19
96 28
96 36
96 58
96 65
96 69
96 71
96 73
96 84
96 99
96 101
96 106
96 116
96 119
96 122
96 124
96 135
96 150
96 159
96 161
96 178
96 191
96 211
96 241
96 245
96 252
96 256
96 280
96 286
97 10
97 16
97 41
97 46
97 52
97 61
97 78
97 90
97 103
97 109
97 113
97 132
97 141
97 143
97 145
97 163
97 182
97 185
97 195
97 197
97 202
97 214
97 216
97 220
97 226
97 231
97 238
97 248
97 263
97 272
97 277
97 282
97 289
97 292
97 294
98 7
98 13
98 18
98 25
98 27
98 30
98 35
98 44
98 54
98 74
98 82
98 85
98 93
98 111
98 129
98 134
98 137
98 149
98 156
98 167
98 169
98 176
98 191
98 193
98 229
98 245
98 252
98 258
98 274
98 284
99 3
99 11
99 20
99 47
99 50
99 56
99 59
99 70
99 78
99 89
99 99
99 102
99 108
99 116
99 126
99 139
99 141
99 146
99 160
99 164
99 181
99 206
99 209
99 213
99 218
99 221
99 232
99 239
99 242
99 249
99 265
99 270
99 276
99 279
99 287
99 292
100 24
100 34
100 38
100 43
100 64
100 67
100 81
100 84
100 86
100 91
100 95
100 97
100 106
100 129
100 131
100 151
100 155
100 158
100 177
100 187
100 189
100 193
100 199
100 201
100 247
100 256
100 261
100 267
100 284
100 294
100 296
101 11
101 17
101 40
101 56
101 70
101 76
101 102
101 104
101 111
101 115
101 120
101 127
101 141
101 153
101 179
101 184
101 195
101 210
101 223
101 229
101 232
101 234
101 245
101 252
101 263
101 273
101 277
101 281
101 287
101 290
101 298
102 5
102 15
102 29
102 32
102 50
102 58
102 62
102 67
102 79
102 81
102 87
102 91
102 106
102 108
102 113
102 117
102 130
102 148
102 163
102 166
102 170
102 173
102 193
102 200
102 205
102 215
102 219
102 226
102 236
102 257
102 265
102 284
103 8
103 17
103 21
103 37
103 42
103 46
103 71
103 111
103 115
103 123
103 128
103 135
103 146
103 154
103 157
103 159
103 168
103 175
103 178
103 181
103 184
103 197
103 209
103 211
103 228
103 233
103 240
103 247
103 251
103 255
103 262
103 267
103 270
103 272
103 276
103 278
103 287
104 29
104 51
104 63
104 65
104 69
104 80
104 91
104 95
104 99
104 102
104 119
104 121
104 131
104 148
104 152
104 163
104 173
104 186
104 194
104 200
104 206
104 216
104 219
104 222
104 238
104 245
104 253
104 257
104 260
104 274
104 282
104 285
104 290
104 298
105 6
105 9
105 22
105 26
105 48
105 53
105 57
105 59
105 72
105 75
105 77
105 83
105 104
105 110
105 113
105 115
105 129
105 134
105 138
105 141
105 144
105 161
105 177
105 181
105 192
105 203
105 213
105 225
105 234
105 263
105 266
105 268
105 271
105 276
105 296
106 1
106 13
106 32
106 37
106 39
106 44
106 80
106 87
106 99
106 118
106 125
106 146
106 154
106 169
106 171
106 174
106 179
106 195
106 201
106 205
106 209
106 219
106 221
106 236
106 241
106 256
106 289
107 10
107 15
107 18
107 23
107 46
107 51
107 54
107 57
107 64
107 67
107 76
107 82
107 84
107 89
107 96
107 104
107 108
107 111
107 121
107 130
107 132
107 144
107 148
107 152
107 159
107 164
107 187
107 190
107 207
107 216
107 223
107 225
107 229
107 244
107 254
107 258
107 260
107 272
107 274
107 277
107 281
107 287
107 292
108 7
108 20
108 26
108 31
108 36
108 39
108 43
108 49
108 59
108 61
108 70
108 91
108 98
108 101
108 113
108 117
108 126
108 134
108 137
108 141
108 162
108 166
108 182
108 199
108 204
108 221
108 235
108 247
108 266
108 268
109 5
109 16
109 47
109 54
109 72
109 78
109 104
109 111
109 146
109 150
109 153
109 157
109 174
109 177
109 184
109 189
109 194
109 209
109 217
109 224
109 231
109 244
109 251
109 253
109 264
109 270
109 273
109 284
109 293
110 1
110 23
110 30
110 37
110 56
110 58
110 64
110 67
110 69
110 74
110 82
110 85
110 100
110 109
110 120
110 126
110 130
110 140
110 155
110 163
110 186
110 196
110 199
110 201
110 203
110 205
110 212
110 221
110 228
110 240
110 246
110 258
110 261
110 275
110 278
110 281
110 290
110 297
111 7
111 10
111 16
111 27
111 32
111 54
111 77
111 80
111 87
111 92
111 102
111 104
111 132
111 150
111 160
111 167
111 188
111 192
111 207
111 217
111 231
111 234
111 238
111 242
111 249
111 267
111 273
111 285
111 294
112 4
112 20
112 23
112 30
112 37
112 40
112 44
112 49
112 59
112 61
112 65
112 84
112 116
112 128
112 137
112 154
112 158
112 163
112 170
112 173
112 176
112 203
112 209
112 229
112 244
112 254
112 256
112 260
112 283
112 289
112 292
112 298
113 10
113 67
113 70
113 73
113 94
113 98
113 103
113 108
113 114
113 118
113 121
113 130
113 140
113 145
113 156
113 168
113 178
113 182
113 187
113 213
113 220
113 224
113 227
113 235
113 247
113 249
113 251
113 262
113 266
113 272
113 285
114 2
114 8
114 12
114 17
114 25
114 29
114 37
114 44
114 46
114 52
114 55
114 59
114 81
114 86
114 89
114 96
114 100
114 106
114 111
114 126
114 136
114 143
114 150
114 165
114 173
114 185
114 195
114 200
114 208
114 229
114 233
114 237
114 241
114 257
114 270
114 288
114 295
115 4
115 14
115 49
115 62
115 72
115 102
115 134
115 147
115 156
115 159
115 161
115 171
115 183
115 188
115 190
115 216
115 227
115 235
115 239
115 243
115 245
115 249
115 261
115 264
115 268
115 272
115 277
115 282
116 8
116 32
116 67
116 76
116 78
116 83
116 113
116 116
116 121
116 123
116 126
116 136
116 141
116 152
116 177
116 186
116 210
116 213
116 224
116 230
116 253
117 1
117 5
117 20
117 24
117 26
117 30
117 37
117 39
117 48
117 57
117 63
117 73
117 90
117 93
117 110
117 119
117 144
117 154
117 158
117 166
117 169
117 171
117 175
117 197
117 202
117 208
117 219
117 222
117 234
117 245
117 256
117 263
117 277
117 282
117 285
118 18
118 42
118 44
118 69
118 81
118 84
118 88
118 95
118 97
118 123
118 129
118 133
118 142
118 178
118 182
118 186
118 192
118 210
118 212
118 217
118 226
118 232
118 236
118 241
118 250
118 253
118 258
118 260
118 265
118 275
118 287
118 290
118 293
118 297
119 2
119 4
119 7
119 23
119 26
119 32
119 51
119 60
119 66
119 76
119 86
119 90
119 100
119 105
119 107
119 113
119 118
119 125
119 127
119 136
119 148
119 157
119 163
119 167
119 172
119 176
119 202
119 204
119 220
119 224
119 229
119 268
119 277
120 11
120 28
120 39
120 41
120 54
120 62
120 70
120 80
120 84
120 95
120 103
120 120
120 152
120 193
120 206
120 211
120 214
120 226
120 233
120 239
120 241
120 248
120 253
120 257
120 262
120 273
120 279
120 284
120 287
120 290
120 292
120 298
121 4
121 7
121 14
121 18
121 20
121 22
121 35
121 46
121 52
121 57
121 64
121 68
121 78
121 91
121 97
121 113
121 127
121 131
121 134
121 137
121 139
121 142
121 145
121 164
121 168
121 175
121 177
121 200
121 203
121 220
121 243
121 250
121 267
121 270
121 276
121 294
121 296
122 25
122 27
122 30
122 33
122 40
122 59
122 72
122 80
122 86
122 88
122 93
122 99
122 106
122 111
122 116
122 129
122 180
122 183
122 186
122 190
122 197
122 212
122 226
122 233
122 237
122 239
122 253
122 255
122 259
122 265
122 281
122 285
122 298
123 11
123 14
123 19
123 38
123 42
123 53
123 68
123 74
123 77
123 82
123 91
123 96
123 104
123 120
123 123
123 125
123 134
123 137
123 139
123 141
123 152
123 155
123 158
123 161
123 163
123 165
123 170
123 174
123 176
123 178
123 195
123 207
123 216
123 222
123 229
123 231
123 241
123 243
123 262
123 267
123 269
123 273
124 2
124 16
124 28
124 59
124 62
124 84
124 98
124 101
124 117
124 127
124 132
124 146
124 183
124 191
124 199
124 205
124 210
124 220
124 237
124 246
124 253
124 257
124 260
124 264
124 277
124 283
124 287
124 290
124 293
124 295
125 7
125 19
125 30
125 33
125 45
125 47
125 52
125 55
125 68
125 72
125 82
125 87
125 94
125 105
125 109
125 114
125 122
125 129
125 137
125 160
125 162
125 164
125 168
125 174
125 181
125 187
125 197
125 201
125 212
125 225
125 228
125 230
125 241
125 249
125 280
125 297
126 17
126 23
126 25
126 35
126 42
126 66
126 70
126 75
126 91
126 116
126 124
126 127
126 134
126 141
126 153
126 171
126 189
126 193
126 203
126 208
126 215
126 233
126 243
126 246
126 256
126 270
126 273
126 276
126 285
127 2
127 15
127 29
127 31
127 33
127 37
127 40
127 47
127 51
127 61
127 79
127 83
127 93
127 96
127 102
127 108
127 119
127 151
127 155
127 164
127 175
127 180
127 182
127 184
127 191
127 195
127 197
127 225
127 238
127 267
127 291
127 293
128 8
128 18
128 20
128 27
128 43
128 64
128 71
128 77
128 105
128 114
128 123
128 131
128 134
128 139
128 144
128 149
128 158
128 178
128 186
128 199
128 214
128 223
128 233
128 241
128 245
128 262
128 283
128 288
129 11
129 13
129 15
129 36
129 54
129 61
129 67
129 86
129 91
129 94
129 101
129 112
129 141
129 146
129 151
129 164
129 168
129 170
129 174
129 197
129 205
129 209
129 216
129 219
129 231
129 243
129 260
129 276
129 278
129 290
130 1
130 4
130 22
130 32
130 41
130 56
130 69
130 73
130 81
130 83
130 88
130 107
130 114
130 117
130 125
130 128
130 132
130 149
130 153
130 183
130 189
130 191
130 211
130 221
130 224
130 228
130 234
130 249
130 255
130 267
130 270
130 286
130 293
130 298
131 10
131 28
131 35
131 45
131 49
131 51
131 59
131 64
131 105
131 109
131 120
131 137
131 143
131 155
131 162
131 166
131 169
131 171
131 176
131 178
131 194
131 204
131 207
131 215
131 217
131 237
131 239
131 241
131 251
131 253
131 259
131 264
131 280
131 283
132 2
132 7
132 23
132 26
132 31
132 33
132 38
132 47
132 54
132 68
132 82
132 84
132 87
132 98
132 101
132 107
132 113
132 124
132 132
132 141
132 147
132 150
132 186
132 190
132 213
132 219
132 227
132 230
132 232
132 245
132 262
132 290
133 17
133 29
133 59
133 61
133 65
133 70
133 74
133 77
133 94
133 110
133 115
133 118
133 122
133 127
133 129
133 145
133 173
133 176
133 180
133 188
133 203
133 209
133 215
133 225
133 235
133 241
133 248
133 250
133 252
133 255
133 258
133 266
133 280
133 285
133 287
133 293
133 295
133 297
134 4
134 8
134 12
134 22
134 37
134 41
134 44
134 46
134 52
134 72
134 85
134 91
134 100
134 135
134 138
134 141
134 149
134 153
134 157
134 160
134 162
134 166
134 169
134 186
134 198
134 201
134 206
134 217
134 219
134 222
134 231
134 263
134 272
134 274
134 278
134 282
134 290
135 16
135 34
135 49
135 56
135 68
135 76
135 81
135 95
135 104
135 111
135 116
135 126
135 132
135 144
135 147
135 155
135 175
135 183
135 196
135 208
135 214
135 237
135 254
135 268
135 292
136 9
136 12
136 18
136 21
136 26
136 47
136 58
136 66
136 74
136 78
136 89
136 102
136 118
136 138
136 141
136 152
136 164
136 179
136 194
136 199
136 202
136 204
136 218
136 226
136 241
136 243
136 249
136 257
136 261
136 265
136 272
136 274
136 298
137 5
137 16
137 24
137 31
137 36
137 42
137 45
137 52
137 56
137 71
137 82
137 84
137 87
137 93
137 97
137 106
137 110
137 121
137 145
137 149
137 160
137 170
137 176
137 186
137 213
137 216
137 231
137 235
137 252
137 254
137 259
137 270
137 283
137 286
137 288
137 296
138 3
138 33
138 39
138 49
138 58
138 62
138 64
138 77
138 102
138 117
138 124
138 137
138 139
138 143
138 147
138 152
138 165
138 167
138 180
138 184
138 192
138 198
138 203
138 206
138 210
138 218
138 222
138 228
138 238
138 243
138 249
138 263
138 272
138 274
138 278
139 9
139 12
139 20
139 24
139 42
139 54
139 60
139 68
139 70
139 86
139 90
139 92
139 94
139 99
139 107
139 114
139 120
139 130
139 135
139 161
139 171
139 194
139 220
139 233
139 266
139 292
140 7
140 15
140 22
140 27
140 29
140 65
140 73
140 78
140 84
140 96
140 117
140 125
140 132
140 145
140 147
140 149
140 157
140 173
140 177
140 181
140 186
140 190
140 199
140 204
140 212
140 215
140 230
140 236
140 241
140 245
140 249
140 253
140 261
140 278
140 280
141 17
141 19
141 32
141 34
141 36
141 46
141 51
141 57
141 60
141 68
141 75
141 86
141 89
141 101
141 106
141 108
141 111
141 113
141 122
141 151
141 166
141 195
141 197
141 208
141 210
141 218
141 225
141 227
141 234
141 265
141 275
141 284
141 288
141 294
141 298
142 4
142 8
142 13
142 24
142 41
142 44
142 48
142 77
142 80
142 91
142 104
142 116
142 129
142 131
142 135
142 138
142 140
142 144
142 148
142 159
142 164
142 170
142 189
142 236
142 242
142 251
142 267
142 270
142 273
142 278
143 10
143 17
143 22
143 29
143 33
143 35
143 37
143 55
143 58
143 63
143 67
143 94
143 107
143 153
143 156
143 175
143 187
143 191
143 200
143 208
143 224
143 229
143 232
143 239
143 248
143 282
143 287
143 290
143 298
144 19
144 39
144 52
144 71
144 74
144 90
144 102
144 112
144 115
144 129
144 131
144 136
144 142
144 147
144 180
144 195
144 205
144 211
144 214
144 217
144 219
144 222
144 244
144 250
144 252
144 255
144 259
144 263
144 267
144 270
144 275
144 280
144 292
144 294
145 3
145 7
145 10
145 26
145 32
145 41
145 45
145 63
145 68
145 83
145 97
145 105
145 117
145 120
145 125
145 140
145 160
145 167
145 185
145 190
145 199
145 208
145 232
145 235
145 240
145 242
145 247
145 287
145 290
146 1
146 15
146 20
146 22
146 24
146 37
146 39
146 43
146 48
146 54
146 61
146 66
146 77
146 90
146 95
146 108
146 138
146 145
146 148
146 156
146 162
146 165
146 169
146 181
146 183
146 222
146 224
146 230
146 238
146 245
146 250
146 253
146 261
146 264
146 275
146 278
146 295
147 3
147 7
147 18
147 26
147 30
147 32
147 41
147 45
147 51
147 63
147 72
147 74
147 79
147 85
147 88
147 104
147 111
147 114
147 120
147 126
147 131
147 140
147 154
147 172
147 177
147 187
147 196
147 200
147 204
147 210
147 232
147 266
147 268
147 271
147 284
148 10
148 12
148 20
148 36
148 43
148 49
148 53
148 68
148 76
148 92
148 98
148 100
148 106
148 116
148 118
148 133
148 137
148 156
148 159
148 162
148 169
148 184
148 190
148 215
148 217
148 221
148 228
148 234
148 241
148 248
148 250
148 252
148 255
148 274
148 279
148 282
148 287
149 5
149 14
149 22
149 29
149 31
149 45
149 47
149 55
149 57
149 59
149 61
149 64
149 79
149 82
149 103
149 109
149 121
149 130
149 143
149 150
149 165
149 167
149 173
149 176
149 180
149 200
149 203
149 207
149 211
149 223
149 226
149 246
149 262
149 290
149 292
149 296
149 298
150 8
150 11
150 27
150 71
150 85
150 89
150 94
150 98
150 111
150 117
150 123
150 125
150 127
150 140
150 148
150 152
150 160
150 163
150 171
150 183
150 185
150 188
150 198
150 209
150 229
150 233
150 241
150 250
150 255
150 260
150 265
150 272
150 274
150 278
151 4
151 13
151 25
151 35
151 51
151 87
151 120
151 129
151 138
151 150
151 157
151 176
151 193
151 204
151 238
151 243
151 262
151 268
151 270
151 281
151 284
151 289
151 296
152 1
152 7
152 9
152 28
152 37
152 41
152 44
152 49
152 53
152 56
152 59
152 62
152 66
152 76
152 78
152 80
152 92
152 96
152 102
152 107
152 112
152 123
152 133
152 162
152 167
152 185
152 196
152 202
152 215
152 217
152 248
152 255
152 273
152 276
152 278
152 294
153 11
153 13
153 16
153 18
153 24
153 64
153 84
153 86
153 115
153 117
153 120
153 125
153 127
153 142
153 147
153 151
153 155
153 169
153 171
153 193
153 219
153 224
153 232
153 235
153 240
153 251
153 257
153 262
153 265
153 288
153 291
154 3
154 5
154 9
154 29
154 35
154 51
154 55
154 57
154 59
154 71
154 76
154 79
154 93
154 105
154 108
154 111
154 130
154 134
154 137
154 145
154 149
154 157
154 175
154 178
154 197
154 208
154 215
154 248
154 254
154 260
154 267
154 283
154 285
154 293
154 296
155 22
155 32
155 41
155 49
155 53
155 63
155 67
155 85
155 87
155 95
155 101
155 118
155 121
155 127
155 139
155 151
155 154
155 161
155 163
155 165
155 180
155 183
155 185
155 187
155 189
155 205
155 213
155 218
155 232
155 235
155 237
155 245
155 252
155 258
155 270
155 272
155 275
155 287
156 8
156 25
156 57
156 59
156 70
156 75
156 77
156 90
156 99
156 145
156 149
156 169
156 171
156 173
156 191
156 194
156 211
156 221
156 226
156 262
156 265
156 279
156 293
157 3
157 6
157 12
157 16
157 18
157 22
157 31
157 43
157 49
157 53
157 55
157 72
157 86
157 92
157 96
157 104
157 108
157 110
157 114
157 129
157 137
157 142
157 158
157 163
157 166
157 176
157 186
157 188
157 199
157 203
157 206
157 224
157 229
157 239
157 289
158 9
158 28
158 41
158 47
158 58
158 61
158 63
158 78
158 101
158 116
158 120
158 126
158 132
158 135
158 151
158 160
158 173
158 218
158 233
158 251
158 253
158 255
158 257
158 259
158 262
158 264
158 269
158 273
158 276
159 7
159 20
159 34
159 38
159 53
159 67
159 73
159 83
159 91
159 95
159 106
159 124
159 144
159 155
159 167
159 181
159 188
159 190
159 194
159 196
159 210
159 222
159 229
159 235
159 238
159 240
159 242
159 246
159 281
159 285
159 294
159 298
160 1
160 5
160 14
160 18
160 24
160 45
160 56
160 81
160 86
160 109
160 127
160 129
160 132
160 134
160 137
160 139
160 142
160 150
160 178
160 203
160 232
160 249
160 258
160 262
160 268
160 278
160 292
160 296
161 9
161 11
161 30
161 32
161 37
161 41
161 43
161 47
161 50
161 61
161 64
161 67
161 69
161 78
161 84
161 118
161 120
161 148
161 155
161 157
161 163
161 168
161 170
161 183
161 185
161 191
161 198
161 207
161 214
161 219
161 222
161 225
161 229
161 237
161 242
161 245
161 253
161 260
161 264
161 266
161 270
161 275
161 283
161 287
162 3
162 14
162 26
162 34
162 72
162 75
162 87
162 91
162 96
162 104
162 109
162 113
162 125
162 135
162 140
162 143
162 150
162 153
162 166
162 194
162 202
162 232
162 240
162 250
162 280
162 289
162 293
163 1
163 7
163 38
163 41
163 51
163 53
163 59
163 62
163 68
163 93
163 99
163 101
163 107
163 116
163 120
163 122
163 131
163 138
163 148
163 160
163 168
163 175
163 178
163 182
163 184
163 189
163 205
163 208
163 211
163 220
163 229
163 252
163 257
163 259
163 263
163 277
164 5
164 18
164 20
164 27
164 46
164 57
164 65
164 70
164 72
164 80
164 113
164 125
164 128
164 140
164 144
164 162
164 193
164 215
164 222
164 225
164 234
164 236
164 242
164 248
164 250
164 255
164 261
164 266
164 269
164 273
164 283
164 293
164 297
165 3
165 7
165 10
165 14
165 31
165 41
165 43
165 78
165 82
165 89
165 95
165 104
165 109
165 120
165 148
165 153
165 172
165 183
165 190
165 197
165 199
165 207
165 218
165 245
165 264
165 281
165 290
166 29
166 36
166 38
166 48
166 50
166 56
166 60
166 64
166 71
166 76
166 84
166 99
166 117
166 126
166 129
166 132
166 135
166 140
166 160
166 168
166 175
166 179
166 181
166 194
166 203
166 221
166 231
166 237
166 239
166 266
166 268
166 273
166 275
166 278
166 286
167 1
167 5
167 13
167 15
167 19
167 21
167 62
167 68
167 73
167 78
167 80
167 88
167 103
167 108
167 114
167 124
167 137
167 145
167 152
167 156
167 158
167 165
167 192
167 196
167 206
167 216
167 219
167 226
167 253
167 257
167 263
167 281
167 295
168 7
168 9
168 32
168 35
168 38
168 48
168 51
168 54
168 56
168 83
168 92
168 95
168 111
168 117
168 121
168 127
168 150
168 169
168 173
168 183
168 186
168 198
168 204
168 210
168 241
168 248
168 255
168 270
168 273
168 292
168 297
169 4
169 27
169 60
169 68
169 72
169 81
169 85
169 87
169 98
169 102
169 147
169 152
169 155
169 157
169 162
169 165
169 175
169 180
169 190
169 194
169 201
169 207
169 223
169 230
169 251
169 253
169 259
169 280
170 8
170 12
170 30
170 45
170 54
170 56
170 66
170 75
170 78
170 83
170 90
170 93
170 96
170 100
170 108
170 121
170 129
170 131
170 139
170 142
170 170
170 185
170 197
170 209
170 211
170 216
170 227
170 234
170 236
170 243
170 267
170 275
170 282
170 289
170 295
170 298
171 2
171 6
171 15
171 18
171 22
171 34
171 36
171 41
171 59
171 64
171 114
171 117
171 119
171 126
171 144
171 150
171 165
171 168
171 174
171 178
171 192
171 194
171 199
171 206
171 213
171 221
171 224
171 240
171 249
171 251
171 273
171 280
171 284
171 287
171 291
172 4
172 13
172 26
172 28
172 48
172 52
172 54
172 66
172 71
172 89
172 97
172 108
172 112
172 123
172 147
172 153
172 156
172 159
172 163
172 170
172 196
172 217
172 228
172 255
172 257
172 263
172 297
173 2
173 8
173 16
173 21
173 35
173 39
173 42
173 56
173 58
173 60
173 69
173 74
173 79
173 93
173 95
173 116
173 118
173 133
173 135
173 138
173 140
173 142
173 145
173 150
173 161
173 173
173 175
173 186
173 198
173 201
173 214
173 219
173 231
173 245
173 247
173 250
173 267
173 269
173 281
173 292
173 295
174 5
174 10
174 14
174 23
174 26
174 30
174 37
174 45
174 86
174 89
174 91
174 104
174 109
174 111
174 113
174 120
174 127
174 147
174 153
174 169
174 177
174 180
174 183
174 189
174 195
174 203
174 205
174 222
174 235
174 238
174 253
174 255
174 276
174 285
175 3
175 8
175 16
175 18
175 32
175 40
175 43
175 47
175 50
175 58
175 60
175 70
175 78
175 84
175 94
175 98
175 100
175 102
175 106
175 117
175 124
175 137
175 163
175 191
175 200
175 210
175 215
175 220
175 226
175 233
175 245
175 249
175 260
175 267
175 279
175 283
175 298
176 5
176 10
176 20
176 28
176 36
176 53
176 66
176 72
176 75
176 110
176 113
176 131
176 133
176 145
176 153
176 156
176 167
176 171
176 179
176 181
176 186
176 188
176 198
176 203
176 213
176 222
176 231
176 240
176 243
176 252
176 262
176 265
176 270
176 290
176 295
177 24
177 38
177 40
177 45
177 47
177 51
177 61
177 69
177 87
177 90
177 105
177 116
177 123
177 135
177 143
177 148
177 151
177 160
177 169
177 183
177 192
177 194
177 200
177 207
177 211
177 227
177 234
177 238
177 272
177 286
177 298
178 2
178 4
178 8
178 14
178 20
178 31
178 54
178 66
178 71
178 73
178 79
178 82
178 95
178 109
178 118
178 121
178 145
178 190
178 196
178 202
178 215
178 217
178 225
178 232
178 240
178 242
178 248
178 254
178 264
178 280
178 283
178 293
179 12
179 17
179 28
179 38
179 58
179 61
179 84
179 99
179 111
179 115
179 125
179 129
179 137
179 140
179 158
179 160
179 167
179 170
179 172
179 182
179 184
179 193
179 213
179 221
179 228
179 230
179 236
179 245
179 258
179 262
179 277
180 6
180 15
180 24
180 33
180 35
180 43
180 45
180 50
180 55
180 67
180 69
180 72
180 76
180 87
180 95
180 108
180 118
180 131
180 135
180 146
180 148
180 152
180 155
180 163
180 175
180 186
180 189
180 207
180 215
180 217
180 219
180 223
180 240
180 250
180 252
180 254
180 271
180 279
180 284
180 287
180 294
180 296
181 13
181 19
181 21
181 29
181 31
181 40
181 47
181 53
181 63
181 83
181 85
181 92
181 98
181 111
181 121
181 143
181 150
181 171
181 199
181 201
181 211
181 227
181 233
181 236
181 244
181 246
181 248
181 260
181 262
181 273
181 290
181 292
182 5
182 9
182 23
182 25
182 61
182 81
182 100
182 104
182 114
182 116
182 118
182 124
182 131
182 133
182 135
182 139
182 146
182 159
182 173
182 178
182 181
182 183
182 189
182 191
182 195
182 208
182 215
182 225
182 255
182 266
182 268
182 279
182 281
182 294
183 16
183 19
183 33
183 39
183 49
183 51
183 53
183 55
183 68
183 83
183 87
183 89
183 95
183 107
183 109
183 111
183 150
183 156
183 162
183 166
183 169
183 187
183 198
183 204
183 211
183 219
183 222
183 228
183 237
183 242
183 245
183 248
183 263
183 271
183 273
183 285
183 287
184 3
184 11
184 21
184 26
184 30
184 36
184 42
184 46
184 61
184 66
184 73
184 92
184 99
184 101
184 117
184 120
184 122
184 124
184 131
184 133
184 137
184 141
184 145
184 147
184 172
184 178
184 189
184 194
184 201
184 213
184 217
184 225
184 240
184 251
184 260
184 279
184 282
184 292
185 6
185 13
185 15
185 24
185 39
185 56
185 69
185 82
185 86
185 88
185 96
185 106
185 114
185 127
185 139
185 151
185 155
185 169
185 184
185 191
185 196
185 198
185 234
185 238
185 255
185 269
185 276
185 285
185 297
186 2
186 17
186 26
186 29
186 44
186 51
186 59
186 62
186 65
186 77
186 84
186 109
186 119
186 121
186 129
186 162
186 167
186 186
186 189
186 193
186 206
186 208
186 211
186 216
186 218
186 225
186 232
186 243
186 246
186 248
186 265
186 267
186 273
186 278
186 290
187 10
187 15
187 20
187 33
187 38
187 54
187 57
187 68
187 70
187 79
187 91
187 106
187 115
187 124
187 126
187 133
187 146
187 148
187 152
187 154
187 164
187 172
187 174
187 176
187 184
187 197
187 201
187 220
187 230
187 234
187 241
187 250
187 253
187 256
187 270
187 284
188 3
188 13
188 35
188 43
188 46
188 49
188 52
188 60
188 66
188 73
188 83
188 99
188 102
188 104
188 110
188 112
188 121
188 135
188 138
188 142
188 144
188 150
188 161
188 170
188 178
188 188
188 205
188 207
188 215
188 217
188 228
188 278
188 280
188 288
188 291
188 296
189 1
189 11
189 22
189 29
189 57
189 63
189 69
189 76
189 87
189 89
189 94
189 97
189 123
189 128
189 130
189 156
189 167
189 182
189 186
189 190
189 198
189 211
189 219
189 231
189 240
189 249
189 258
189 262
189 272
189 282
189 285
190 18
190 33
190 35
190 40
190 46
190 59
190 67
190 84
190 103
190 115
190 132
190 138
190 140
190 146
190 151
190 158
190 164
190 194
190 196
190 203
190 208
190 214
190 224
190 233
190 235
190 252
190 267
190 269
190 276
190 278
190 287
191 10
191 13
191 24
191 43
191 48
191 54
191 76
191 81
191 88
191 92
191 96
191 106
191 108
191 118
191 122
191 126
191 135
191 160
191 168
191 176
191 181
191 187
191 189
191 205
191 212
191 229
191 242
191 250
191 254
191 263
191 280
191 293
191 296
192 5
192 8
192 15
192 17
192 20
192 22
192 28
192 37
192 41
192 51
192 62
192 66
192 78
192 83
192 99
192 110
192 113
192 116
192 129
192 151
192 178
192 210
192 218
192 220
192 222
192 226
192 231
192 239
192 246
192 261
192 272
192 276
192 283
192 290
193 1
193 24
193 31
193 55
193 57
193 72
193 75
193 80
193 85
193 96
193 101
193 105
193 108
193 120
193 123
193 135
193 141
193 145
193 147
193 160
193 163
193 168
193 171
193 173
193 180
193 190
193 200
193 207
193 213
193 216
193 229
193 234
193 243
193 249
193 266
193 285
193 287
193 292
193 294
194 7
194 14
194 21
194 33
194 47
194 49
194 63
194 65
194 68
194 78
194 91
194 112
194 116
194 128
194 139
194 153
194 158
194 176
194 186
194 194
194 196
194 203
194 205
194 219
194 222
194 224
194 238
194 251
194 269
194 277
194 297
195 4
195 9
195 18
195 27
195 37
195 55
195 57
195 61
195 82
195 94
195 96
195 98
195 106
195 110
195 147
195 150
195 160
195 162
195 166
195 169
195 180
195 182
195 199
195 208
195 217
195 240
195 244
195 249
195 255
195 273
195 275
195 288
196 15
196 21
196 25
196 32
196 39
196 46
196 48
196 73
196 86
196 90
196 100
196 112
196 120
196 126
196 141
196 152
196 189
196 203
196 205
196 212
196 215
196 221
196 228
196 231
196 237
196 246
196 251
196 259
196 266
196 268
196 278
196 280
196 283
196 293
196 297
197 1
197 6
197 8
197 13
197 42
197 44
197 56
197 60
197 65
197 69
197 71
197 79
197 83
197 98
197 117
197 132
197 134
197 147
197 149
197 157
197 159
197 162
197 172
197 174
197 178
197 182
197 184
197 191
197 195
197 197
197 199
197 209
197 224
197 264
197 274
197 276
197 286
198 10
198 28
198 30
198 63
198 75
198 87
198 91
198 95
198 102
198 108
198 111
198 119
198 123
198 129
198 164
198 166
198 168
198 227
198 231
198 238
198 241
198 249
198 252
198 261
198 290
198 296
198 298
