9928
1 5
1 14
1 16
1 21
1 33
1 36
1 39
1 42
1 46
1 53
1 55
1 59
1 66
1 69
1 79
1 115
1 131
1 142
1 144
1 146
1 157
1 162
1 171
1 202
1 216
1 219
1 223
1 226
1 234
1 239
1 244
1 247
1 253
1 265
1 271
1 279
1 281
1 296
2 1
2 7
2 12
2 49
2 64
2 81
2 93
2 96
2 105
2 113
2 120
2 126
2 128
2 133
2 165
2 175
2 177
2 190
2 198
2 200
2 207
2 211
2 221
2 237
2 256
2 258
2 260
2 267
2 274
2 277
2 288
2 292
3 3
3 15
3 17
3 23
3 26
3 32
3 42
3 61
3 68
3 70
3 75
3 78
3 86
3 88
3 102
3 109
3 115
3 117
3 122
3 131
3 141
3 154
3 159
3 167
3 170
3 180
3 182
3 187
3 196
3 205
3 219
3 231
3 281
3 295
3 297
4 20
4 39
4 48
4 66
4 91
4 107
4 126
4 128
4 135
4 139
4 149
4 164
4 184
4 192
4 198
4 200
4 210
4 216
4 223
4 226
4 229
4 234
4 236
4 240
4 243
4 252
4 256
4 262
4 264
4 271
4 273
4 277
4 284
4 286
4 288
5 1
5 3
5 5
5 25
5 29
5 54
5 56
5 58
5 60
5 64
5 71
5 77
5 81
5 83
5 94
5 96
5 101
5 105
5 116
5 131
5 146
5 151
5 166
5 169
5 175
5 177
5 179
5 190
5 204
5 246
5 250
5 259
5 266
5 293
5 296
6 8
6 11
6 23
6 33
6 48
6 52
6 88
6 108
6 122
6 124
6 126
6 155
6 158
6 173
6 184
6 188
6 215
6 221
6 226
6 229
6 239
6 244
6 269
6 271
6 276
6 288
6 298
7 13
7 18
7 39
7 58
7 61
7 64
7 66
7 69
7 71
7 79
7 86
7 105
7 112
7 117
7 119
7 129
7 133
7 135
7 139
7 152
7 162
7 164
7 166
7 175
7 177
7 194
7 200
7 208
7 217
7 224
7 232
7 235
7 237
7 249
7 252
7 258
7 274
7 280
7 284
8 7
8 10
8 23
8 25
8 28
8 30
8 44
8 74
8 91
8 96
8 103
8 110
8 123
8 131
8 144
8 149
8 154
8 157
8 168
8 180
8 183
8 198
8 203
8 205
8 211
8 240
8 242
8 244
8 246
8 254
8 262
8 270
8 282
8 286
8 290
8 294
9 3
9 12
9 14
9 32
9 39
9 49
9 56
9 70
9 76
9 81
9 83
9 87
9 89
9 99
9 108
9 116
9 127
9 138
9 142
9 173
9 176
9 178
9 188
9 190
9 193
9 215
9 218
9 232
9 235
9 256
9 279
9 284
10 9
10 22
10 25
10 35
10 59
10 64
10 105
10 114
10 121
10 124
10 129
10 131
10 134
10 144
10 146
10 149
10 160
10 183
10 195
10 207
10 221
10 223
10 239
10 243
10 249
10 254
10 259
10 267
10 271
10 276
10 286
10 289
11 11
11 18
11 30
11 32
11 40
11 44
11 47
11 55
11 57
11 74
11 78
11 85
11 88
11 96
11 107
11 116
11 127
11 141
11 151
11 157
11 165
11 167
11 171
11 179
11 186
11 189
11 203
11 210
11 212
11 217
11 219
11 226
11 229
11 234
11 252
11 257
11 279
11 293
12 5
12 16
12 27
12 35
12 50
12 62
12 66
12 80
12 92
12 98
12 111
12 146
12 160
12 162
12 169
12 174
12 177
12 182
12 184
12 193
12 196
12 205
12 214
12 231
12 236
12 254
12 261
12 277
12 282
12 284
13 20
13 25
13 38
13 43
13 48
13 53
13 55
13 59
13 75
13 77
13 82
13 90
13 102
13 105
13 118
13 123
13 134
13 138
13 142
13 144
13 148
13 154
13 156
13 172
13 180
13 198
13 210
13 212
13 216
13 219
13 222
13 233
13 245
13 248
13 252
13 256
13 263
13 269
13 275
13 293
13 295
13 297
14 3
14 8
14 16
14 32
14 45
14 51
14 67
14 96
14 109
14 115
14 140
14 162
14 169
14 176
14 182
14 228
14 231
14 238
15 11
15 23
15 36
15 39
15 49
15 56
15 60
15 64
15 73
15 99
15 120
15 123
15 128
15 131
15 133
15 137
15 150
15 155
15 173
15 185
15 187
15 190
15 192
15 196
15 201
15 210
15 212
15 220
15 224
15 234
15 240
15 245
15 251
15 257
15 273
15 275
15 279
15 282
15 286
15 288
15 290
15 295
16 6
16 19
16 47
16 77
16 80
16 82
16 84
16 90
16 92
16 95
16 97
16 102
16 105
16 107
16 114
16 118
16 144
16 147
16 157
16 165
16 175
16 178
16 180
16 198
16 207
16 227
16 242
16 249
16 253
16 262
16 264
16 268
16 271
17 1
17 3
17 13
17 23
17 27
17 30
17 32
17 35
17 41
17 62
17 67
17 73
17 111
17 126
17 136
17 141
17 161
17 168
17 170
17 186
17 194
17 212
17 217
17 219
17 222
17 230
17 237
17 239
17 244
17 247
17 256
17 259
17 266
17 275
17 292
17 296
18 25
18 43
18 50
18 53
18 64
18 81
18 87
18 89
18 92
18 94
18 98
18 108
18 113
18 128
18 131
18 143
18 152
18 179
18 183
18 188
18 192
18 201
18 205
18 209
18 225
18 253
18 268
18 272
18 284
19 2
19 14
19 16
19 29
19 34
19 37
19 55
19 60
19 66
19 71
19 77
19 79
19 83
19 104
19 115
19 118
19 121
19 123
19 125
19 148
19 155
19 157
19 166
19 197
19 217
19 219
19 237
19 241
19 246
19 277
19 280
19 282
19 286
19 295
19 297
20 6
20 19
20 39
20 50
20 57
20 62
20 68
20 73
20 75
20 81
20 88
20 106
20 108
20 128
20 132
20 137
20 140
20 143
20 145
20 150
20 159
20 178
20 185
20 192
20 203
20 251
20 256
20 263
20 272
20 274
20 289
20 291
21 10
21 25
21 31
21 35
21 45
21 53
21 90
21 96
21 98
21 102
21 111
21 115
21 121
21 126
21 135
21 147
21 181
21 183
21 187
21 190
21 200
21 210
21 213
21 225
21 227
21 234
21 240
21 243
21 259
21 268
21 280
21 293
21 296
22 1
22 4
22 22
22 27
22 40
22 49
22 56
22 60
22 70
22 79
22 82
22 100
22 153
22 158
22 163
22 166
22 171
22 174
22 178
22 195
22 197
22 203
22 205
22 216
22 219
22 221
22 232
22 257
22 262
22 266
22 271
22 285
23 7
23 14
23 32
23 63
23 89
23 93
23 102
23 104
23 107
23 116
23 122
23 138
23 145
23 148
23 161
23 181
23 185
23 211
23 224
23 227
23 234
23 250
23 254
23 269
23 273
23 288
24 1
24 10
24 17
24 23
24 30
24 34
24 48
24 51
24 65
24 70
24 84
24 99
24 127
24 133
24 135
24 140
24 150
24 165
24 168
24 170
24 174
24 176
24 190
24 203
24 209
24 215
24 237
24 248
24 260
24 262
24 267
24 277
24 285
24 295
25 4
25 21
25 26
25 38
25 45
25 54
25 68
25 73
25 75
25 80
25 88
25 91
25 112
25 129
25 138
25 142
25 154
25 156
25 160
25 181
25 183
25 194
25 196
25 198
25 205
25 212
25 220
25 223
25 226
25 229
25 246
25 280
25 282
26 14
26 23
26 42
26 49
26 84
26 102
26 117
26 131
26 140
26 146
26 149
26 162
26 165
26 170
26 173
26 175
26 203
26 208
26 210
26 218
26 236
26 239
26 241
26 252
26 256
26 264
26 273
26 291
26 296
27 11
27 18
27 32
27 35
27 39
27 47
27 52
27 62
27 86
27 89
27 95
27 105
27 109
27 111
27 120
27 129
27 134
27 143
27 153
27 167
27 183
27 196
27 198
27 200
27 212
27 214
27 216
27 221
27 225
27 232
27 243
27 277
27 285
28 6
28 8
28 16
28 24
28 28
28 30
28 56
28 59
28 69
28 71
28 98
28 103
28 114
28 117
28 125
28 127
28 138
28 140
28 145
28 148
28 155
28 173
28 176
28 178
28 186
28 230
28 245
28 248
28 259
28 261
28 264
28 269
28 271
28 289
29 3
29 13
29 45
29 49
29 52
29 63
29 67
29 75
29 83
29 89
29 93
29 108
29 160
29 166
29 191
29 200
29 209
29 211
29 218
29 228
29 239
29 251
29 256
29 274
29 280
29 284
29 292
30 7
30 9
30 30
30 41
30 97
30 123
30 133
30 138
30 145
30 153
30 163
30 169
30 204
30 224
30 226
30 236
30 265
30 277
30 287
30 290
30 295
31 5
31 14
31 24
31 27
31 32
31 35
31 38
31 47
31 51
31 58
31 65
31 81
31 85
31 94
31 102
31 111
31 116
31 119
31 126
31 131
31 140
31 148
31 167
31 171
31 174
31 177
31 179
31 183
31 187
31 189
31 191
31 195
31 197
31 201
31 211
31 216
31 221
31 240
31 253
31 259
31 261
31 263
31 268
31 271
31 298
32 7
32 11
32 19
32 41
32 49
32 54
32 62
32 67
32 91
32 100
32 105
32 113
32 137
32 145
32 156
32 193
32 205
32 209
32 213
32 228
32 238
32 251
32 256
32 282
32 289
33 9
33 16
33 28
33 35
33 51
33 60
33 70
33 87
33 129
33 139
33 141
33 151
33 158
33 160
33 173
33 175
33 187
33 191
33 196
33 207
33 218
33 244
33 261
33 264
33 277
33 280
33 285
34 11
34 13
34 19
34 22
34 31
34 38
34 43
34 46
34 54
34 65
34 74
34 78
34 81
34 98
34 100
34 106
34 109
34 113
34 115
34 121
34 123
34 127
34 136
34 147
34 149
34 153
34 164
34 183
34 212
34 227
34 247
34 253
34 268
34 272
34 289
34 293
34 297
35 4
35 6
35 26
35 40
35 58
35 70
35 89
35 134
35 140
35 161
35 167
35 174
35 178
35 185
35 189
35 192
35 198
35 200
35 215
35 224
35 230
35 241
35 243
35 250
35 256
35 263
35 274
35 279
35 281
35 291
36 12
36 17
36 28
36 33
36 36
36 49
36 53
36 56
36 63
36 75
36 82
36 102
36 104
36 106
36 130
36 151
36 157
36 169
36 171
36 176
36 205
36 218
36 220
36 226
36 246
36 259
36 269
36 276
36 283
36 289
36 295
36 297
37 6
37 22
37 42
37 70
37 79
37 86
37 92
37 95
37 99
37 110
37 114
37 125
37 134
37 137
37 144
37 148
37 154
37 166
37 184
37 187
37 193
37 196
37 209
37 216
37 229
37 236
37 238
37 262
37 273
37 291
38 3
38 12
38 14
38 24
38 26
38 38
38 44
38 46
38 60
38 65
38 72
38 75
38 82
38 88
38 116
38 120
38 152
38 163
38 170
38 175
38 198
38 201
38 223
38 226
38 232
38 246
38 250
38 252
38 255
38 258
38 270
38 276
38 281
38 287
38 289
38 293
38 298
39 5
39 18
39 22
39 28
39 33
39 62
39 70
39 79
39 85
39 91
39 94
39 102
39 124
39 128
39 155
39 157
39 159
39 173
39 181
39 186
39 192
39 209
39 212
39 221
39 242
39 261
39 263
39 267
39 273
39 284
39 291
40 11
40 26
40 31
40 37
40 56
40 83
40 97
40 105
40 108
40 113
40 119
40 136
40 139
40 144
40 170
40 175
40 177
40 184
40 189
40 194
40 196
40 201
40 203
40 205
40 207
40 228
40 269
40 281
40 295
40 297
41 4
41 15
41 20
41 23
41 41
41 44
41 46
41 62
41 65
41 69
41 71
41 73
41 81
41 91
41 102
41 115
41 127
41 129
41 131
41 134
41 148
41 152
41 154
41 161
41 168
41 172
41 180
41 182
41 186
41 209
41 214
41 218
41 236
41 238
41 251
41 254
41 256
41 261
41 263
41 267
41 275
41 278
41 285
41 292
42 1
42 9
42 12
42 25
42 27
42 31
42 51
42 56
42 83
42 88
42 96
42 104
42 112
42 123
42 145
42 184
42 190
42 192
42 216
42 222
42 249
42 270
42 281
42 288
43 6
43 14
43 16
43 18
43 20
43 34
43 43
43 48
43 59
43 61
43 72
43 78
43 93
43 101
43 106
43 119
43 121
43 134
43 139
43 141
43 143
43 148
43 151
43 163
43 170
43 175
43 180
43 186
43 204
43 213
43 220
43 228
43 233
43 242
43 247
43 252
43 254
43 256
43 259
43 274
43 277
43 284
43 297
44 1
44 3
44 28
44 36
44 46
44 53
44 57
44 64
44 68
44 70
44 83
44 85
44 87
44 108
44 111
44 113
44 125
44 129
44 146
44 154
44 165
44 178
44 184
44 190
44 236
44 264
44 267
44 270
44 287
44 291
45 9
45 11
45 14
45 17
45 22
45 26
45 40
45 43
45 48
45 55
45 73
45 76
45 100
45 120
45 122
45 137
45 157
45 170
45 181
45 194
45 199
45 201
45 203
45 222
45 230
45 244
45 281
45 284
45 294
46 6
46 24
46 31
46 34
46 50
46 62
46 65
46 79
46 86
46 90
46 93
46 98
46 116
46 129
46 140
46 151
46 153
46 173
46 175
46 186
46 190
46 207
46 212
46 219
46 233
46 237
46 249
46 255
46 263
46 265
46 268
46 272
46 276
46 292
47 3
47 21
47 53
47 58
47 60
47 74
47 76
47 82
47 95
47 107
47 110
47 123
47 134
47 149
47 158
47 162
47 184
47 197
47 201
47 215
47 217
47 222
47 227
47 239
47 241
47 244
47 252
47 257
47 260
47 278
47 281
47 284
47 290
47 295
47 298
48 7
48 11
48 13
48 15
48 28
48 32
48 38
48 41
48 46
48 51
48 62
48 67
48 69
48 72
48 92
48 102
48 105
48 112
48 114
48 119
48 125
48 130
48 137
48 145
48 155
48 160
48 165
48 169
48 171
48 177
48 182
48 187
48 192
48 194
48 205
48 209
48 237
48 249
48 255
48 263
48 274
48 286
49 4
49 17
49 25
49 35
49 44
49 53
49 76
49 86
49 89
49 96
49 99
49 133
49 148
49 163
49 174
49 184
49 189
49 196
49 200
49 207
49 211
49 241
49 261
49 265
49 277
49 279
49 288
49 292
50 6
50 10
50 19
50 28
50 33
50 48
50 50
50 55
50 61
50 68
50 70
50 74
50 102
50 108
50 110
50 115
50 119
50 122
50 128
50 131
50 141
50 144
50 155
50 159
50 168
50 181
50 186
50 198
50 219
50 224
50 227
50 238
50 245
50 248
50 252
50 255
50 270
50 273
50 275
50 284
50 290
50 298
51 1
51 14
51 24
51 38
51 46
51 52
51 57
51 64
51 66
51 80
51 82
51 84
51 92
51 125
51 133
51 136
51 139
51 149
51 152
51 172
51 175
51 184
51 196
51 202
51 209
51 229
51 231
51 234
51 241
51 250
51 260
51 262
51 265
51 267
52 3
52 16
52 32
52 41
52 43
52 71
52 78
52 87
52 106
52 110
52 127
52 129
52 131
52 145
52 160
52 166
52 177
52 180
52 192
52 206
52 211
52 214
52 218
52 221
52 224
52 237
52 239
52 247
52 283
52 288
52 294
53 12
53 20
53 25
53 39
53 53
53 65
53 80
53 115
53 117
53 138
53 142
53 147
53 149
53 153
53 158
53 169
53 203
53 226
53 233
53 253
53 260
53 278
54 4
54 7
54 18
54 27
54 31
54 34
54 45
54 47
54 59
54 62
54 70
54 84
54 93
54 98
54 101
54 111
54 113
54 129
54 144
54 155
54 164
54 181
54 183
54 186
54 189
54 193
54 198
54 208
54 212
54 214
54 216
54 242
54 246
54 251
54 258
54 263
54 269
54 273
54 282
54 286
54 290
54 294
55 11
55 22
55 42
55 56
55 64
55 68
55 75
55 77
55 82
55 105
55 116
55 118
55 121
55 124
55 137
55 139
55 142
55 149
55 153
55 158
55 161
55 173
55 175
55 200
55 202
55 224
55 226
55 230
55 255
55 260
55 266
55 277
55 288
55 296
56 13
56 34
56 48
56 53
56 58
56 66
56 71
56 90
56 94
56 96
56 102
56 133
56 135
56 146
56 151
56 156
56 171
56 177
56 180
56 213
56 217
56 232
56 236
56 242
56 257
56 269
56 274
56 284
57 6
57 9
57 11
57 25
57 32
57 37
57 39
57 50
57 64
57 69
57 74
57 76
57 83
57 98
57 108
57 110
57 112
57 121
57 130
57 138
57 142
57 153
57 161
57 186
57 189
57 196
57 206
57 210
57 220
57 223
57 226
57 229
57 245
57 249
57 252
57 262
57 291
58 2
58 4
58 15
58 22
58 27
58 42
58 53
58 57
58 79
58 81
58 85
58 93
58 105
58 116
58 140
58 157
58 166
58 168
58 172
58 174
58 192
58 203
58 212
58 231
58 235
58 239
58 243
58 266
58 268
58 270
58 287
58 294
58 297
59 6
59 8
59 12
59 19
59 29
59 35
59 44
59 69
59 71
59 99
59 102
59 118
59 121
59 124
59 131
59 137
59 142
59 148
59 151
59 176
59 181
59 188
59 198
59 218
59 220
59 257
59 273
59 279
60 24
60 37
60 40
60 47
60 61
60 67
60 73
60 76
60 78
60 82
60 90
60 94
60 96
60 106
60 114
60 128
60 133
60 135
60 154
60 157
60 161
60 169
60 173
60 179
60 196
60 200
60 203
60 206
60 215
60 225
60 236
60 240
60 264
60 276
60 283
60 285
60 288
60 294
60 297
61 9
61 11
61 16
61 19
61 22
61 30
61 32
61 50
61 54
61 59
61 64
61 80
61 84
61 86
61 92
61 98
61 111
61 120
61 123
61 131
61 148
61 150
61 164
61 171
61 181
61 185
61 189
61 208
61 212
61 222
61 234
61 238
61 243
61 247
61 249
61 254
61 262
61 274
61 291
62 1
62 6
62 25
62 28
62 36
62 72
62 75
62 82
62 104
62 106
62 118
62 127
62 133
62 136
62 143
62 146
62 155
62 166
62 169
62 175
62 192
62 201
62 203
62 220
62 232
62 251
62 270
62 281
62 287
63 12
63 14
63 16
63 30
63 34
63 41
63 45
63 48
63 51
63 60
63 65
63 85
63 88
63 94
63 97
63 100
63 108
63 115
63 125
63 152
63 159
63 161
63 171
63 190
63 216
63 218
63 224
63 228
63 239
63 242
63 244
63 258
63 260
63 265
63 274
63 276
63 291
63 294
63 296
64 8
64 22
64 39
64 56
64 63
64 70
64 76
64 81
64 83
64 103
64 112
64 140
64 142
64 144
64 149
64 155
64 166
64 175
64 178
64 195
64 198
64 201
64 204
64 208
64 247
64 250
64 252
64 256
64 263
64 268
64 270
64 282
64 285
64 298
65 1
65 4
65 6
65 14
65 20
65 25
65 45
65 61
65 73
65 90
65 93
65 101
65 120
65 128
65 134
65 136
65 151
65 162
65 170
65 187
65 190
65 211
65 220
65 226
65 229
65 231
65 244
65 260
65 265
65 275
65 290
65 296
66 22
66 41
66 47
66 59
66 80
66 83
66 88
66 98
66 107
66 110
66 113
66 124
66 126
66 146
66 149
66 154
66 159
66 174
66 185
66 194
66 205
66 215
66 217
66 222
66 234
66 237
66 272
66 283
66 285
66 298
67 4
67 9
67 11
67 24
67 26
67 34
67 37
67 62
67 65
67 68
67 119
67 121
67 129
67 131
67 134
67 157
67 167
67 176
67 196
67 202
67 207
67 219
67 225
67 241
67 245
67 251
67 265
67 268
67 275
67 292
67 294
67 296
68 19
68 30
68 42
68 55
68 57
68 70
68 72
68 75
68 83
68 86
68 92
68 94
68 97
68 104
68 107
68 110
68 138
68 142
68 148
68 163
68 169
68 173
68 193
68 210
68 213
68 230
68 232
68 236
68 249
68 253
68 255
68 258
68 261
68 270
68 273
68 277
69 11
69 13
69 21
69 24
69 26
69 36
69 47
69 50
69 53
69 81
69 89
69 102
69 123
69 125
69 129
69 133
69 144
69 153
69 159
69 161
69 186
69 190
69 196
69 198
69 202
69 215
69 220
69 223
69 228
69 234
69 238
69 267
69 283
69 285
69 288
70 3
70 17
70 30
70 33
70 62
70 67
70 77
70 84
70 104
70 108
70 113
70 118
70 139
70 150
70 174
70 176
70 182
70 188
70 204
70 209
70 212
70 218
70 252
70 271
70 274
70 280
70 296
71 1
71 5
71 8
71 28
71 39
71 41
71 45
71 60
71 64
71 73
71 80
71 87
71 99
71 128
71 142
71 148
71 156
71 160
71 168
71 180
71 191
71 196
71 202
71 206
71 215
71 221
71 224
71 227
71 230
71 232
71 239
71 243
71 255
71 264
71 285
71 292
72 3
72 14
72 21
72 48
72 68
72 71
72 93
72 95
72 103
72 126
72 135
72 139
72 146
72 152
72 162
72 209
72 211
72 219
72 245
72 248
72 258
72 262
72 273
72 276
72 282
72 287
72 296
73 1
73 8
73 10
73 24
73 28
73 33
73 37
73 40
73 51
73 53
73 55
73 57
73 59
73 65
73 75
73 83
73 86
73 109
73 113
73 121
73 129
73 132
73 164
73 168
73 171
73 176
73 185
73 194
73 201
73 206
73 217
73 229
73 233
73 235
73 237
73 241
73 266
73 280
73 284
73 291
74 12
74 30
74 35
74 69
74 80
74 92
74 97
74 106
74 111
74 125
74 150
74 154
74 156
74 179
74 183
74 191
74 208
74 212
74 223
74 227
74 243
74 258
74 262
74 269
74 271
74 275
74 294
75 5
75 14
75 17
75 22
75 37
75 39
75 42
75 44
75 50
75 53
75 56
75 63
75 72
75 74
75 77
75 82
75 88
75 95
75 100
75 102
75 118
75 122
75 138
75 141
75 146
75 160
75 166
75 170
75 176
75 185
75 195
75 219
75 225
75 233
75 247
75 251
75 267
75 273
75 298
76 8
76 19
76 29
76 32
76 48
76 61
76 65
76 85
76 90
76 97
76 106
76 108
76 113
76 116
76 126
76 129
76 133
76 136
76 153
76 163
76 173
76 189
76 191
76 198
76 200
76 205
76 208
76 212
76 215
76 217
76 253
76 260
76 271
76 275
76 280
76 287
76 296
77 2
77 11
77 14
77 17
77 26
77 36
77 38
77 43
77 55
77 73
77 76
77 80
77 102
77 110
77 138
77 142
77 155
77 167
77 171
77 181
77 202
77 220
77 223
77 228
77 242
77 258
77 263
77 267
77 292
78 5
78 53
78 57
78 61
78 68
78 87
78 96
78 99
78 108
78 117
78 121
78 145
78 148
78 150
78 158
78 160
78 164
78 176
78 179
78 188
78 195
78 206
78 214
78 218
78 225
78 231
78 234
78 240
78 265
78 269
78 275
78 281
78 283
78 285
78 288
78 294
78 298
79 35
79 37
79 44
79 48
79 50
79 63
79 66
79 71
79 78
79 83
79 91
79 93
79 105
79 114
79 126
79 131
79 134
79 153
79 166
79 182
79 197
79 201
79 209
79 211
79 245
79 252
79 255
79 278
79 291
80 2
80 10
80 12
80 15
80 24
80 29
80 32
80 41
80 53
80 60
80 74
80 81
80 111
80 158
80 161
80 173
80 176
80 186
80 190
80 192
80 203
80 205
80 223
80 227
80 260
80 263
80 265
80 270
80 273
80 287
80 297
81 5
81 8
81 21
81 50
81 69
81 84
81 89
81 95
81 116
81 122
81 129
81 134
81 145
81 151
81 164
81 168
81 180
81 194
81 213
81 219
81 225
81 231
81 243
81 252
81 257
81 277
81 281
81 284
81 295
82 11
82 19
82 28
82 37
82 39
82 41
82 44
82 56
82 59
82 87
82 97
82 101
82 119
82 139
82 142
82 155
82 161
82 184
82 186
82 196
82 201
82 206
82 211
82 223
82 227
82 235
82 237
82 240
82 259
82 264
82 267
82 275
82 279
82 298
83 2
83 4
83 6
83 15
83 48
83 54
83 64
83 72
83 77
83 84
83 90
83 93
83 108
83 110
83 123
83 125
83 128
83 130
83 132
83 148
83 158
83 170
83 175
83 189
83 191
83 194
83 199
83 213
83 216
83 220
83 233
83 244
83 246
83 249
83 255
83 262
83 272
83 282
83 286
83 290
84 11
84 18
84 29
84 32
84 46
84 50
84 56
84 62
84 79
84 81
84 114
84 119
84 138
84 143
84 150
84 153
84 182
84 230
84 259
84 270
84 293
85 2
85 4
85 22
85 24
85 38
85 42
85 58
85 69
85 71
85 76
85 83
85 91
85 100
85 107
85 112
85 117
85 146
85 165
85 168
85 171
85 176
85 178
85 186
85 194
85 196
85 203
85 208
85 213
85 234
85 236
85 238
85 240
85 246
85 248
85 263
85 274
85 276
85 279
86 8
86 14
86 27
86 29
86 36
86 40
86 47
86 55
86 74
86 80
86 85
86 89
86 95
86 103
86 105
86 124
86 136
86 150
86 156
86 182
86 198
86 201
86 206
86 211
86 215
86 218
86 222
86 225
86 232
86 243
86 252
86 254
86 259
86 265
86 282
86 292
86 296
86 298
87 6
87 11
87 18
87 51
87 53
87 62
87 64
87 71
87 82
87 92
87 97
87 114
87 116
87 126
87 133
87 141
87 146
87 153
87 161
87 163
87 172
87 189
87 192
87 194
87 208
87 238
87 240
87 245
87 250
87 269
87 273
87 279
87 290
88 55
88 57
88 59
88 69
88 75
88 77
88 86
88 100
88 106
88 108
88 121
88 130
88 136
88 138
88 148
88 151
88 159
88 179
88 186
88 204
88 206
88 210
88 215
88 217
88 222
88 229
88 233
88 242
88 254
88 257
88 260
88 262
88 264
89 13
89 16
89 21
89 24
89 26
89 31
89 33
89 35
89 39
89 45
89 63
89 67
89 115
89 117
89 126
89 140
89 145
89 163
89 169
89 173
89 176
89 182
89 191
89 193
89 195
89 200
89 212
89 244
89 266
89 272
89 277
89 281
89 284
89 290
89 292
89 296
90 9
90 29
90 43
90 47
90 72
90 77
90 81
90 84
90 88
90 95
90 101
90 104
90 110
90 122
90 132
90 152
90 155
90 157
90 160
90 165
90 188
90 197
90 210
90 215
90 218
90 223
90 260
90 270
90 288
91 2
91 6
91 11
91 36
91 38
91 50
91 56
91 66
91 70
91 79
91 124
91 128
91 173
91 183
91 185
91 192
91 221
91 225
91 228
91 232
91 234
91 237
91 242
91 244
91 248
91 250
91 257
91 273
91 278
91 282
91 284
91 286
92 13
92 21
92 25
92 28
92 32
92 34
92 42
92 61
92 75
92 83
92 85
92 116
92 119
92 126
92 135
92 140
92 144
92 148
92 150
92 157
92 159
92 161
92 165
92 167
92 169
92 180
92 189
92 204
92 207
92 214
92 216
92 239
92 276
92 294
93 6
93 9
93 11
93 47
93 50
93 53
93 59
93 77
93 92
93 104
93 108
93 113
93 133
93 137
93 152
93 186
93 191
93 198
93 201
93 221
93 227
93 229
93 237
93 253
93 259
93 263
93 266
93 272
93 279
93 284
93 286
93 288
93 290
93 297
94 15
94 19
94 26
94 31
94 38
94 44
94 55
94 57
94 64
94 67
94 74
94 81
94 89
94 96
94 99
94 111
94 115
94 118
94 120
94 123
94 129
94 141
94 147
94 156
94 159
94 171
94 174
94 181
94 193
94 205
94 209
94 219
94 245
94 257
94 275
94 294
95 1
95 4
95 13
95 21
95 33
95 35
95 59
95 79
95 85
95 92
95 102
95 109
95 135
95 153
95 166
95 176
95 178
95 185
95 188
95 212
95 217
95 223
95 226
95 232
95 234
95 236
95 240
95 243
95 250
95 252
95 264
95 269
95 271
95 277
95 284
95 298
96 17
96 29
96 31
96 52
96 54
96 69
96 82
96 97
96 99
96 105
96 112
96 115
96 124
96 126
96 129
96 131
96 144
96 146
96 148
96 155
96 158
96 169
96 172
96 174
96 180
96 182
96 197
96 201
96 203
96 207
96 220
96 256
96 260
97 1
97 12
97 14
97 22
97 36
97 44
97 47
97 49
97 58
97 60
97 72
97 77
97 90
97 101
97 108
97 119
97 121
97 137
97 140
97 164
97 187
97 192
97 210
97 214
97 231
97 238
97 241
97 244
97 254
97 258
97 265
97 270
97 277
97 280
97 295
98 3
98 5
98 8
98 20
98 25
98 27
98 39
98 66
98 84
98 106
98 124
98 144
98 147
98 154
98 161
98 175
98 178
98 182
98 189
98 194
98 199
98 205
98 218
98 229
98 236
98 252
98 262
98 267
98 282
98 287
98 298
99 1
99 15
99 23
99 42
99 48
99 54
99 60
99 73
99 75
99 81
99 88
99 99
99 116
99 128
99 130
99 134
99 137
99 168
99 187
99 209
99 211
99 216
99 221
99 227
99 232
99 234
99 242
99 271
99 273
99 276
99 285
99 290
100 18
100 29
100 31
100 34
100 38
100 44
100 51
100 57
100 68
100 71
100 91
100 95
100 101
100 104
100 106
100 108
100 111
100 121
100 124
100 132
100 141
100 149
100 158
100 161
100 165
100 172
100 175
100 177
100 184
100 191
100 196
100 202
100 214
100 240
100 247
100 258
100 265
100 268
100 294
101 1
101 4
101 8
101 13
101 27
101 36
101 46
101 59
101 61
101 83
101 116
101 126
101 130
101 144
101 186
101 193
101 199
101 207
101 216
101 219
101 227
101 231
101 237
101 243
101 263
101 274
101 284
101 289
102 17
102 19
102 22
102 39
102 48
102 52
102 55
102 67
102 72
102 79
102 85
102 92
102 96
102 101
102 106
102 118
102 122
102 134
102 137
102 142
102 147
102 163
102 165
102 168
102 172
102 177
102 180
102 190
102 195
102 201
102 211
102 221
102 234
102 239
102 252
102 254
102 269
102 271
102 286
102 296
102 298
103 2
103 12
103 14
103 28
103 32
103 35
103 43
103 60
103 63
103 82
103 99
103 103
103 112
103 115
103 139
103 150
103 153
103 158
103 160
103 182
103 186
103 193
103 198
103 207
103 215
103 219
103 224
103 228
103 231
103 237
103 242
103 244
103 262
103 264
103 275
103 280
103 288
104 7
104 9
104 22
104 24
104 46
104 48
104 52
104 66
104 68
104 73
104 76
104 92
104 117
104 131
104 135
104 144
104 162
104 178
104 180
104 188
104 203
104 212
104 222
104 234
104 247
104 252
104 254
104 267
104 269
104 277
104 285
104 291
104 293
105 19
105 26
105 29
105 36
105 55
105 60
105 62
105 64
105 89
105 109
105 115
105 119
105 140
105 154
105 158
105 160
105 164
105 166
105 170
105 173
105 184
105 186
105 192
105 196
105 207
105 210
105 228
105 232
105 242
105 261
105 279
105 283
105 287
105 297
106 3
106 5
106 10
106 16
106 31
106 39
106 42
106 47
106 53
106 58
106 72
106 82
106 86
106 92
106 95
106 103
106 107
106 117
106 121
106 125
106 130
106 142
106 146
106 156
106 162
106 176
106 178
106 198
106 202
106 204
106 217
106 223
106 236
106 246
106 248
106 250
106 256
106 269
106 272
106 275
107 13
107 19
107 22
107 26
107 33
107 45
107 56
107 62
107 69
107 76
107 90
107 111
107 113
107 136
107 152
107 164
107 167
107 181
107 184
107 193
107 196
107 214
107 234
107 238
107 263
107 267
107 295
108 4
108 16
108 36
108 50
108 73
108 79
108 82
108 87
108 99
108 102
108 115
108 150
108 156
108 158
108 160
108 170
108 188
108 200
108 203
108 206
108 228
108 244
108 246
108 250
108 253
108 259
108 269
108 277
108 282
108 284
108 287
108 290
109 2
109 7
109 25
109 28
109 31
109 41
109 45
109 47
109 52
109 57
109 59
109 62
109 67
109 84
109 106
109 117
109 120
109 122
109 132
109 141
109 146
109 152
109 164
109 167
109 172
109 182
109 191
109 196
109 216
109 220
109 222
109 231
109 235
109 237
109 248
109 255
109 261
109 263
109 294
110 4
110 10
110 35
110 69
110 81
110 91
110 94
110 101
110 110
110 113
110 115
110 124
110 129
110 137
110 149
110 159
110 175
110 180
110 185
110 187
110 193
110 211
110 214
110 224
110 246
110 253
110 259
110 271
110 279
110 286
110 288
110 291
111 14
111 17
111 21
111 26
111 38
111 43
111 47
111 50
111 56
111 67
111 71
111 77
111 97
111 104
111 119
111 121
111 133
111 139
111 141
111 153
111 166
111 168
111 171
111 173
111 178
111 191
111 197
111 199
111 203
111 237
111 241
111 256
111 265
111 273
111 275
111 277
111 282
111 293
111 297
112 6
112 23
112 32
112 34
112 41
112 63
112 82
112 85
112 112
112 124
112 130
112 145
112 157
112 182
112 185
112 187
112 205
112 216
112 224
112 233
112 247
112 250
112 268
112 271
112 286
113 38
113 45
113 67
113 69
113 71
113 75
113 88
113 96
113 108
113 115
113 126
113 136
113 138
113 140
113 143
113 147
113 152
113 154
113 159
113 162
113 168
113 174
113 176
113 178
113 190
113 197
113 199
113 202
113 210
113 212
113 218
113 231
113 238
113 242
113 244
113 260
113 265
113 274
113 280
113 294
114 2
114 12
114 18
114 25
114 29
114 35
114 41
114 48
114 51
114 54
114 58
114 78
114 91
114 100
114 103
114 105
114 110
114 112
114 117
114 119
114 122
114 156
114 165
114 194
114 204
114 222
114 236
114 249
114 254
114 283
114 287
114 297
115 6
115 20
115 61
115 76
115 82
115 84
115 86
115 108
115 132
115 134
115 144
115 148
115 167
115 169
115 178
115 185
115 201
115 206
115 211
115 230
115 266
115 269
115 276
115 281
115 289
115 293
116 9
116 12
116 14
116 26
116 30
116 38
116 43
116 45
116 53
116 56
116 79
116 89
116 92
116 115
116 139
116 153
116 156
116 160
116 174
116 181
116 188
116 199
116 204
116 215
116 219
116 225
116 233
116 236
116 241
116 245
116 254
116 261
116 271
116 291
117 4
117 16
117 19
117 34
117 36
117 58
117 60
117 63
117 68
117 70
117 74
117 82
117 94
117 99
117 102
117 105
117 118
117 135
117 147
117 150
117 164
117 166
117 178
117 183
117 191
117 213
117 221
117 227
117 231
117 238
117 249
117 256
117 258
117 279
117 285
117 287
117 293
117 296
118 9
118 25
118 27
118 46
118 52
118 85
118 88
118 90
118 112
118 122
118 130
118 155
118 162
118 171
118 174
118 187
118 194
118 198
118 203
118 211
118 216
118 233
118 236
118 241
118 243
118 253
118 264
118 269
118 271
118 277
118 282
119 1
119 22
119 34
119 37
119 40
119 44
119 49
119 54
119 79
119 81
119 92
119 96
119 120
119 138
119 142
119 145
119 153
119 181
119 191
119 208
119 227
119 229
119 238
119 246
119 249
119 251
119 257
119 259
119 261
119 294
119 298
120 3
120 15
120 18
120 31
120 51
120 61
120 66
120 68
120 70
120 73
120 84
120 86
120 94
120 101
120 105
120 110
120 116
120 122
120 132
120 135
120 155
120 178
120 184
120 195
120 200
120 206
120 221
120 224
120 232
120 236
120 254
120 266
120 269
120 272
120 274
120 278
120 281
120 284
120 287
120 290
121 8
121 11
121 22
121 26
121 40
121 43
121 49
121 54
121 89
121 108
121 125
121 129
121 139
121 142
121 150
121 157
121 160
121 175
121 182
121 188
121 190
121 212
121 216
121 219
121 230
121 243
121 245
121 264
121 298
122 3
122 14
122 33
122 35
122 37
122 46
122 58
122 61
122 75
122 79
122 82
122 93
122 102
122 104
122 106
122 112
122 115
122 120
122 127
122 135
122 137
122 144
122 152
122 155
122 162
122 169
122 172
122 186
122 202
122 224
122 228
122 235
122 237
122 248
122 271
122 279
122 289
123 7
123 17
123 27
123 41
123 63
123 65
123 70
123 91
123 95
123 99
123 123
123 133
123 148
123 160
123 176
123 180
123 182
123 194
123 214
123 217
123 221
123 233
123 241
123 245
123 252
123 256
123 261
123 265
123 277
123 282
123 293
124 11
124 13
124 19
124 25
124 30
124 32
124 34
124 37
124 44
124 51
124 53
124 74
124 76
124 88
124 107
124 115
124 129
124 144
124 157
124 168
124 173
124 185
124 187
124 191
124 199
124 202
124 204
124 226
124 250
124 268
124 287
124 290
125 2
125 6
125 17
125 21
125 27
125 41
125 47
125 55
125 61
125 68
125 83
125 86
125 91
125 96
125 101
125 109
125 127
125 136
125 141
125 154
125 180
125 193
125 213
125 234
125 238
125 244
125 253
125 259
125 271
125 284
125 293
125 298
126 9
126 11
126 19
126 31
126 34
126 63
126 70
126 75
126 79
126 88
126 120
126 122
126 124
126 131
126 133
126 138
126 150
126 157
126 164
126 166
126 168
126 172
126 175
126 187
126 191
126 200
126 202
126 206
126 209
126 216
126 223
126 225
126 228
126 248
126 263
126 265
126 282
126 286
126 296
127 4
127 6
127 14
127 16
127 22
127 24
127 27
127 40
127 43
127 59
127 65
127 97
127 100
127 107
127 116
127 147
127 152
127 155
127 161
127 180
127 185
127 197
127 235
127 240
127 246
127 250
127 254
127 257
127 260
127 267
127 271
127 274
127 277
127 279
128 12
128 31
128 35
128 46
128 52
128 55
128 57
128 61
128 70
128 77
128 81
128 91
128 94
128 104
128 110
128 113
128 129
128 134
128 157
128 169
128 171
128 176
128 183
128 194
128 209
128 222
128 229
128 242
128 292
128 295
129 1
129 8
129 20
129 44
129 66
129 68
129 72
129 84
129 102
129 116
129 123
129 140
129 145
129 150
129 160
129 163
129 181
129 190
129 196
129 198
129 211
129 213
129 218
129 235
129 239
129 246
129 252
129 255
129 263
129 273
129 275
129 285
130 6
130 12
130 16
130 18
130 22
130 25
130 42
130 47
130 49
130 53
130 75
130 82
130 92
130 100
130 105
130 120
130 133
130 137
130 148
130 153
130 158
130 176
130 187
130 192
130 201
130 208
130 221
130 231
130 241
130 250
130 282
130 287
130 290
130 294
131 14
131 29
131 39
131 71
131 73
131 78
131 86
131 88
131 96
131 108
131 114
131 127
131 130
131 140
131 142
131 145
131 156
131 160
131 167
131 169
131 173
131 189
131 205
131 210
131 216
131 245
131 253
131 261
131 264
131 267
131 278
131 284
131 296
132 7
132 9
132 32
132 35
132 55
132 65
132 94
132 98
132 100
132 106
132 116
132 122
132 132
132 138
132 149
132 152
132 162
132 185
132 203
132 207
132 214
132 227
132 248
132 250
132 255
132 257
132 270
132 274
132 281
132 287
132 291
132 293
133 1
133 4
133 15
133 17
133 20
133 27
133 30
133 37
133 45
133 51
133 57
133 59
133 61
133 79
133 84
133 86
133 114
133 119
133 124
133 127
133 146
133 154
133 165
133 172
133 175
133 182
133 190
133 199
133 211
133 216
133 219
133 221
133 224
133 236
133 246
133 252
133 261
133 265
133 267
133 277
134 13
134 34
134 39
134 42
134 47
134 53
134 70
134 77
134 91
134 100
134 105
134 108
134 110
134 112
134 116
134 122
134 130
134 135
134 139
134 142
134 144
134 152
134 163
134 169
134 188
134 195
134 202
134 206
134 230
134 234
134 244
135 4
135 27
135 56
135 59
135 62
135 64
135 68
135 75
135 118
135 128
135 133
135 137
135 149
135 165
135 174
135 183
135 186
135 197
135 200
135 210
135 214
135 216
135 219
135 232
135 240
135 249
135 251
135 256
135 259
135 263
135 265
135 271
135 276
135 278
135 283
135 286
135 288
135 292
135 295
136 2
136 17
136 20
136 24
136 31
136 34
136 41
136 45
136 52
136 72
136 84
136 91
136 93
136 98
136 103
136 106
136 121
136 124
136 130
136 141
136 146
136 153
136 155
136 158
136 162
136 172
136 176
136 179
136 188
136 190
136 193
136 203
136 224
136 227
136 242
136 245
136 254
136 267
136 281
136 290
137 4
137 6
137 36
137 38
137 48
137 56
137 61
137 70
137 78
137 96
137 108
137 110
137 116
137 118
137 126
137 138
137 165
137 183
137 186
137 196
137 198
137 205
137 208
137 212
137 215
137 217
137 233
137 251
137 256
137 260
137 272
137 279
138 9
138 24
138 27
138 45
138 50
138 59
138 64
138 68
138 75
138 81
138 87
138 89
138 93
138 105
138 121
138 123
138 131
138 141
138 159
138 169
138 175
138 180
138 192
138 201
138 219
138 223
138 225
138 230
138 238
138 241
138 243
138 246
138 262
138 268
138 276
138 293
138 295
139 12
139 15
139 32
139 34
139 36
139 48
139 56
139 84
139 96
139 102
139 109
139 114
139 116
139 129
139 134
139 146
139 148
139 151
139 178
139 186
139 188
139 203
139 205
139 212
139 227
139 232
139 256
139 265
139 270
139 282
139 284
139 288
139 297
140 3
140 7
140 21
140 30
140 38
140 45
140 52
140 61
140 64
140 71
140 79
140 88
140 91
140 93
140 121
140 124
140 126
140 143
140 153
140 157
140 184
140 190
140 195
140 207
140 209
140 215
140 218
140 235
140 240
140 242
140 248
140 253
140 279
140 286
140 292
140 294
141 1
141 10
141 12
141 15
141 28
141 33
141 35
141 41
141 50
141 54
141 56
141 59
141 77
141 95
141 97
141 100
141 119
141 149
141 151
141 155
141 162
141 165
141 171
141 174
141 186
141 192
141 198
141 200
141 204
141 220
141 226
141 229
141 258
141 263
141 273
141 277
142 3
142 6
142 19
142 22
142 24
142 31
142 47
142 67
142 75
142 83
142 87
142 107
142 110
142 113
142 116
142 127
142 130
142 135
142 139
142 145
142 160
142 169
142 176
142 179
142 184
142 194
142 202
142 215
142 217
142 237
142 251
142 253
142 268
142 271
142 282
142 287
142 290
143 14
143 27
143 33
143 35
143 42
143 50
143 52
143 55
143 65
143 70
143 77
143 89
143 92
143 97
143 100
143 102
143 105
143 120
143 132
143 141
143 153
143 162
143 166
143 190
143 192
143 199
143 204
143 208
143 211
143 224
143 230
143 246
143 257
143 259
143 262
143 266
143 297
144 1
144 16
144 21
144 23
144 39
144 45
144 68
144 87
144 107
144 113
144 124
144 127
144 134
144 143
144 145
144 179
144 188
144 239
144 269
144 273
144 285
144 288
145 4
145 8
145 14
145 29
145 32
145 35
145 47
145 53
145 55
145 57
145 59
145 61
145 71
145 79
145 82
145 84
145 97
145 102
145 104
145 116
145 121
145 131
145 137
145 139
145 150
145 152
145 156
145 158
145 174
145 177
145 186
145 193
145 202
145 204
145 211
145 228
145 233
145 235
145 243
145 252
145 254
145 280
145 291
145 296
145 298
146 12
146 19
146 21
146 24
146 37
146 41
146 43
146 45
146 49
146 91
146 111
146 119
146 135
146 147
146 165
146 172
146 183
146 191
146 196
146 200
146 206
146 247
146 264
146 269
146 274
146 277
147 2
147 7
147 28
147 56
147 76
147 81
147 85
147 99
147 109
147 115
147 122
147 124
147 128
147 132
147 142
147 149
147 156
147 158
147 160
147 163
147 181
147 198
147 204
147 214
147 217
147 224
147 229
147 234
147 236
147 238
147 243
147 250
147 261
147 266
147 271
147 281
148 17
148 20
148 30
148 35
148 40
148 46
148 58
148 62
148 64
148 66
148 95
148 106
148 113
148 140
148 144
148 147
148 165
148 195
148 212
148 231
148 246
148 252
148 254
148 263
148 273
148 288
148 293
148 295
148 297
149 4
149 9
149 11
149 23
149 48
149 52
149 68
149 71
149 73
149 76
149 79
149 86
149 101
149 122
149 126
149 137
149 152
149 154
149 157
149 163
149 168
149 181
149 186
149 200
149 208
149 216
149 222
149 224
149 261
149 277
149 279
149 283
149 286
149 290
150 14
150 19
150 30
150 33
150 36
150 44
150 50
150 62
150 65
150 90
150 92
150 96
150 103
150 105
150 112
150 117
150 130
150 135
150 160
150 170
150 177
150 191
150 193
150 211
150 214
150 220
150 230
150 232
150 234
150 237
150 239
150 242
150 247
150 249
150 252
150 257
150 266
150 268
150 271
150 293
150 297
151 12
151 17
151 22
151 38
151 53
151 60
151 94
151 107
151 115
151 121
151 128
151 138
151 144
151 152
151 154
151 156
151 163
151 166
151 184
151 187
151 195
151 197
151 204
151 226
151 255
151 260
151 275
152 3
152 5
152 10
152 26
152 28
152 32
152 43
152 48
152 56
152 72
152 76
152 78
152 81
152 86
152 89
152 98
152 101
152 105
152 113
152 123
152 159
152 176
152 192
152 206
152 208
152 218
152 228
152 234
152 262
152 277
152 279
152 283
152 291
153 14
153 17
153 19
153 21
153 24
153 36
153 46
153 54
153 64
153 66
153 69
153 83
153 103
153 129
153 135
153 138
153 141
153 144
153 146
153 151
153 173
153 179
153 181
153 187
153 195
153 198
153 202
153 204
153 212
153 225
153 249
153 260
153 267
153 271
153 281
153 288
153 293
153 296
154 26
154 28
154 30
154 41
154 57
154 61
154 75
154 77
154 85
154 100
154 112
154 116
154 124
154 126
154 131
154 159
154 162
154 167
154 183
154 190
154 193
154 210
154 216
154 218
154 220
154 231
154 235
154 238
154 240
154 245
154 247
154 252
154 256
154 276
154 279
155 1
155 11
155 15
155 22
155 34
155 38
155 50
155 55
155 87
155 90
155 92
155 97
155 104
155 107
155 109
155 122
155 128
155 142
155 150
155 157
155 170
155 180
155 201
155 204
155 223
155 226
155 258
155 262
155 270
155 274
155 282
156 17
156 28
156 47
156 52
156 58
156 63
156 69
156 71
156 76
156 79
156 112
156 115
156 117
156 132
156 136
156 139
156 154
156 166
156 174
156 184
156 188
156 208
156 210
156 212
156 217
156 231
156 240
156 243
156 249
156 260
156 266
156 268
156 284
156 293
156 295
157 1
157 7
157 11
157 23
157 31
157 43
157 61
157 96
157 109
157 145
157 157
157 159
157 163
157 169
157 182
157 192
157 204
157 219
157 222
157 228
157 234
157 247
157 252
157 254
157 257
157 262
157 280
157 287
158 4
158 9
158 15
158 19
158 36
158 41
158 47
158 51
158 55
158 58
158 64
158 74
158 78
158 81
158 89
158 94
158 101
158 103
158 113
158 120
158 122
158 142
158 153
158 161
158 174
158 198
158 208
158 210
158 216
158 241
158 268
158 273
158 283
158 295
159 2
159 7
159 21
159 23
159 26
159 32
159 86
159 108
159 111
159 126
159 129
159 131
159 136
159 147
159 151
159 164
159 177
159 179
159 190
159 194
159 202
159 219
159 223
159 226
159 234
159 244
159 250
159 252
159 256
159 262
159 270
159 277
159 279
159 297
160 4
160 10
160 12
160 18
160 29
160 35
160 45
160 48
160 60
160 70
160 79
160 93
160 105
160 134
160 139
160 143
160 161
160 171
160 181
160 187
160 205
160 238
160 240
160 246
160 248
160 275
160 290
160 292
161 22
161 26
161 31
161 39
161 53
161 55
161 66
161 68
161 72
161 87
161 99
161 109
161 115
161 117
161 119
161 151
161 154
161 156
161 169
161 196
161 210
161 213
161 215
161 222
161 226
161 229
161 231
161 235
161 266
161 272
161 281
161 288
162 5
162 8
162 11
162 14
162 36
162 41
162 44
162 61
162 76
162 83
162 85
162 89
162 93
162 96
162 102
162 107
162 124
162 127
162 129
162 137
162 143
162 165
162 167
162 175
162 178
162 188
162 202
162 220
162 238
162 242
162 244
162 246
162 249
162 261
162 270
162 278
162 286
162 293
162 297
163 1
163 23
163 26
163 29
163 33
163 39
163 48
163 64
163 79
163 111
163 116
163 122
163 140
163 147
163 154
163 157
163 160
163 169
163 171
163 183
163 192
163 194
163 197
163 222
163 224
163 226
163 229
163 254
163 264
163 274
163 276
163 289
164 8
164 13
164 17
164 19
164 46
164 50
164 75
164 82
164 88
164 91
164 97
164 106
164 118
164 128
164 132
164 145
164 180
164 200
164 208
164 214
164 233
164 237
164 241
164 244
164 251
164 262
164 287
164 293
164 295
164 298
165 11
165 21
165 42
165 53
165 56
165 68
165 71
165 73
165 80
165 86
165 93
165 104
165 109
165 114
165 116
165 126
165 135
165 156
165 162
165 164
165 168
165 174
165 178
165 184
165 196
165 198
165 202
165 217
165 225
165 227
165 248
165 255
165 257
165 268
165 274
165 281
165 283
165 285
166 6
166 8
166 17
166 23
166 33
166 48
166 58
166 78
166 82
166 89
166 91
166 101
166 112
166 122
166 139
166 142
166 149
166 158
166 166
166 172
166 188
166 190
166 207
166 213
166 233
166 235
166 253
166 261
166 272
166 276
166 291
167 3
167 27
167 35
167 38
167 50
167 54
167 62
167 80
167 93
167 96
167 99
167 109
167 153
167 156
167 162
167 176
167 179
167 182
167 185
167 198
167 215
167 221
167 229
167 231
167 237
167 239
167 243
167 246
167 265
167 274
167 288
167 297
168 8
168 11
168 22
168 33
168 40
168 42
168 52
168 66
168 71
168 74
168 78
168 83
168 85
168 87
168 89
168 105
168 114
168 119
168 122
168 142
168 144
168 148
168 151
168 159
168 169
168 173
168 195
168 201
168 207
168 211
168 226
168 249
168 256
168 260
168 267
168 278
168 286
168 292
168 295
169 5
169 19
169 59
169 69
169 91
169 100
169 109
169 112
169 127
169 129
169 138
169 156
169 166
169 187
169 198
169 203
169 209
169 217
169 219
169 231
169 235
169 281
169 288
170 13
170 21
170 24
170 28
170 31
170 35
170 40
170 55
170 63
170 74
170 76
170 82
170 88
170 94
170 102
170 116
170 119
170 135
170 145
170 150
170 158
170 162
170 178
170 182
170 192
170 194
170 196
170 213
170 228
170 240
170 246
170 249
170 251
170 257
170 262
170 266
170 268
170 290
170 298
171 5
171 10
171 16
171 19
171 33
171 43
171 52
171 59
171 72
171 85
171 106
171 108
171 111
171 114
171 125
171 154
171 160
171 165
171 167
171 172
171 180
171 190
171 210
171 217
171 220
171 264
171 272
171 274
171 294
172 46
172 50
172 65
172 69
172 75
172 79
172 83
172 88
172 98
172 101
172 123
172 129
172 131
172 133
172 140
172 157
172 162
172 203
172 207
172 224
172 232
172 243
172 251
172 254
172 260
172 276
172 279
172 283
173 1
173 6
173 10
173 12
173 14
173 16
173 21
173 24
173 28
173 31
173 36
173 40
173 48
173 86
173 93
173 96
173 143
173 146
173 164
173 168
173 170
173 178
173 181
173 190
173 196
173 200
173 213
173 215
173 221
173 229
173 235
173 238
173 247
173 249
173 258
173 273
173 286
174 8
174 26
174 33
174 38
174 62
174 67
174 71
174 78
174 84
174 89
174 107
174 116
174 120
174 128
174 130
174 132
174 135
174 150
174 152
174 157
174 162
174 194
174 203
174 208
174 210
174 243
174 260
174 263
174 269
174 271
174 275
174 280
174 292
174 298
175 2
175 10
175 15
175 41
175 43
175 49
175 54
175 56
175 73
175 80
175 82
175 91
175 93
175 100
175 113
175 124
175 126
175 141
175 147
175 165
175 176
175 178
175 181
175 188
175 215
175 227
175 249
175 253
175 256
175 258
175 267
175 278
175 283
175 290
176 20
176 24
176 26
176 47
176 52
176 58
176 69
176 78
176 86
176 98
176 104
176 118
176 120
176 128
176 138
176 152
176 160
176 162
176 170
176 172
176 195
176 199
176 205
176 210
176 213
176 217
176 220
176 223
176 225
176 230
176 233
176 235
176 237
176 272
176 276
176 287
176 292
176 295
177 1
177 4
177 12
177 18
177 28
177 34
177 38
177 40
177 42
177 49
177 72
177 74
177 93
177 95
177 106
177 108
177 111
177 114
177 140
177 142
177 147
177 164
177 167
177 182
177 189
177 192
177 241
177 245
177 247
177 254
177 258
177 261
177 267
177 279
177 290
177 297
178 8
178 15
178 24
178 32
178 36
178 44
178 47
178 55
178 58
178 62
178 64
178 66
178 79
178 85
178 89
178 98
178 104
178 119
178 122
178 124
178 129
178 132
178 169
178 172
178 174
178 179
178 186
178 194
178 198
178 205
178 209
178 212
178 215
178 223
178 228
178 230
178 238
178 243
178 250
178 276
178 288
178 293
179 4
179 18
179 34
179 51
179 74
179 95
179 101
179 107
179 109
179 127
179 137
179 140
179 142
179 151
179 153
179 156
179 159
179 165
179 183
179 188
179 190
179 202
179 234
179 240
179 248
179 252
179 265
179 270
179 284
179 290
179 296
179 298
180 21
180 41
180 47
180 55
180 58
180 62
180 69
180 77
180 82
180 104
180 113
180 117
180 124
180 134
180 144
180 149
180 174
180 198
180 204
180 206
180 208
180 210
180 212
180 215
180 221
180 227
180 238
180 244
180 255
180 261
180 263
180 273
181 1
181 13
181 15
181 29
181 33
181 36
181 53
181 65
181 67
181 72
181 75
181 90
181 120
181 131
181 140
181 151
181 164
181 167
181 170
181 172
181 177
181 184
181 193
181 219
181 231
181 236
181 252
181 258
181 284
181 288
181 293
182 10
182 24
182 27
182 31
182 43
182 51
182 70
182 85
182 88
182 94
182 99
182 101
182 103
182 109
182 111
182 113
182 117
182 133
182 137
182 145
182 149
182 161
182 180
182 188
182 198
182 202
182 217
182 223
182 226
182 233
182 245
182 262
182 264
182 274
182 279
182 286
183 3
183 5
183 8
183 15
183 29
183 39
183 47
183 56
183 60
183 80
183 83
183 92
183 106
183 115
183 120
183 123
183 126
183 128
183 135
183 140
183 143
183 151
183 154
183 156
183 159
183 166
183 174
183 195
183 204
183 206
183 209
183 220
183 231
183 237
183 242
183 248
183 252
183 254
183 258
183 269
183 272
183 282
183 284
184 17
184 21
184 33
184 36
184 52
184 63
184 65
184 69
184 73
184 77
184 86
184 103
184 111
184 113
184 131
184 168
184 170
184 177
184 187
184 190
184 225
184 228
184 250
184 261
184 266
184 278
184 280
184 289
184 297
185 2
185 10
185 15
185 26
185 43
185 48
185 50
185 54
185 79
185 91
185 94
185 98
185 120
185 122
185 125
185 137
185 141
185 143
185 151
185 153
185 158
185 173
185 181
185 193
185 201
185 211
185 214
185 217
185 219
185 234
185 236
185 239
185 246
185 263
185 285
185 291
186 5
186 7
186 13
186 22
186 35
186 37
186 40
186 58
186 60
186 65
186 69
186 83
186 87
186 108
186 111
186 116
186 128
186 134
186 145
186 147
186 149
186 160
186 163
186 165
186 175
186 185
186 189
186 198
186 204
186 207
186 223
186 232
186 244
186 249
186 254
186 257
186 266
186 269
186 274
186 276
186 293
187 1
187 9
187 17
187 19
187 27
187 31
187 43
187 53
187 56
187 71
187 76
187 78
187 85
187 91
187 101
187 113
187 120
187 123
187 140
187 152
187 169
187 191
187 195
187 201
187 229
187 251
187 286
188 35
188 41
188 45
188 47
188 49
188 59
188 61
188 67
188 69
188 82
188 96
188 98
188 105
188 129
188 143
188 148
188 154
188 167
188 175
188 182
188 185
188 198
188 206
188 214
188 221
188 227
188 235
188 246
188 256
188 265
188 274
188 277
188 280
188 289
188 295
188 298
189 4
189 7
189 17
189 23
189 31
189 64
189 71
189 79
189 92
189 102
189 109
189 113
189 115
189 117
189 121
189 125
189 138
189 146
189 161
189 164
189 171
189 188
189 190
189 204
189 210
189 216
189 224
189 238
189 242
189 254
189 291
190 10
190 12
190 14
190 26
190 28
190 41
190 47
190 52
190 58
190 69
190 83
190 87
190 95
190 130
190 134
190 152
190 155
190 158
190 166
190 168
190 173
190 182
190 192
190 194
190 206
190 226
190 236
190 244
190 258
190 261
190 271
190 279
190 283
190 285
190 293
190 298
191 22
191 38
191 43
191 45
191 50
191 78
191 85
191 104
191 120
191 124
191 141
191 144
191 147
191 184
191 186
191 202
191 209
191 215
191 219
191 228
191 230
191 247
191 249
191 252
191 267
191 275
191 277
191 288
192 2
192 4
192 12
192 14
192 17
192 19
192 28
192 34
192 47
192 55
192 62
192 64
192 66
192 69
192 75
192 92
192 95
192 99
192 111
192 116
192 122
192 137
192 153
192 162
192 168
192 172
192 174
192 176
192 197
192 212
192 223
192 234
192 238
192 241
192 243
192 257
192 264
192 295
193 7
193 24
193 36
193 53
193 57
193 72
193 85
193 102
193 106
193 119
193 127
193 146
193 151
193 159
193 170
193 184
193 190
193 192
193 199
193 206
193 230
193 232
193 250
193 254
193 267
193 277
193 288
193 291
194 3
194 10
194 14
194 22
194 27
194 29
194 42
194 45
194 51
194 63
194 80
194 94
194 108
194 113
194 117
194 124
194 132
194 135
194 143
194 157
194 164
194 166
194 181
194 187
194 210
194 227
194 240
194 261
194 264
194 271
194 273
194 279
194 281
194 298
195 5
195 7
195 35
195 37
195 49
195 56
195 59
195 61
195 67
195 71
195 82
195 88
195 97
195 106
195 140
195 149
195 151
195 153
195 162
195 168
195 171
195 173
195 175
195 177
195 179
195 190
195 215
195 219
195 224
195 230
195 246
195 249
195 259
195 286
195 288
195 291
195 293
195 296
196 2
196 13
196 20
196 29
196 40
196 45
196 64
196 69
196 76
196 85
196 91
196 94
196 101
196 103
196 109
196 111
196 121
196 138
196 155
196 164
196 197
196 203
196 226
196 228
196 233
196 236
196 239
196 241
196 270
196 278
196 281
196 284
197 26
197 32
197 42
197 52
197 54
197 56
197 71
197 73
197 83
197 88
197 97
197 105
197 116
197 129
197 134
197 136
197 145
197 159
197 161
197 168
197 175
197 180
197 187
197 192
197 222
197 243
197 247
197 251
197 255
197 259
197 265
197 267
197 274
197 288
197 290
197 293
197 297
198 4
198 6
198 9
198 11
198 14
198 17
198 19
198 21
198 37
198 45
198 48
198 60
198 63
198 65
198 79
198 86
198 99
198 101
198 112
198 122
198 126
198 141
198 143
198 148
198 154
198 170
198 182
198 194
198 202
198 205
198 210
198 214
198 217
198 225
198 229
198 232
198 261
198 276
198 278
199 2
199 28
199 35
199 50
199 53
199 56
199 70
199 81
199 84
199 88
199 96
199 105
199 119
199 133
199 136
199 150
199 159
199 161
199 164
199 168
199 196
199 198
199 219
199 241
199 249
199 251
199 256
199 267
199 272
199 281
199 293
200 5
200 24
200 38
200 60
200 64
200 72
200 77
200 90
200 93
200 121
200 125
200 129
200 157
200 166
200 175
200 182
200 190
200 201
200 216
200 222
200 233
200 237
200 239
200 259
200 274
200 277
200 283
200 289
201 15
201 18
201 28
201 33
201 43
201 48
201 69
201 110
201 115
201 119
201 131
201 137
201 145
201 148
201 151
201 160
201 162
201 164
201 177
201 184
201 186
201 195
201 199
201 206
201 208
201 212
201 226
201 242
201 245
201 255
201 264
201 280
202 5
202 13
202 30
202 35
202 50
202 54
202 66
202 73
202 76
202 81
202 88
202 93
202 96
202 99
202 102
202 107
202 122
202 127
202 140
202 166
202 168
202 171
202 180
202 188
202 192
202 210
202 215
202 218
202 230
202 257
202 266
202 269
202 274
202 286
202 289
202 292
202 297
203 1
203 3
203 7
203 10
203 25
203 32
203 39
203 86
203 104
203 117
203 119
203 132
203 134
203 136
203 142
203 156
203 162
203 164
203 177
203 186
203 205
203 213
203 227
203 235
203 255
203 264
203 278
203 280
203 283
203 295
204 13
204 22
204 42
204 61
204 67
204 73
204 78
204 80
204 83
204 89
204 91
204 93
204 99
204 102
204 115
204 130
204 149
204 153
204 172
204 182
204 201
204 216
204 233
204 240
204 243
204 246
204 251
204 261
204 267
204 275
204 286
204 292
205 4
205 8
205 10
205 15
205 35
205 47
205 52
205 55
205 69
205 96
205 106
205 108
205 118
205 122
205 126
205 136
205 138
205 146
205 156
205 165
205 177
205 180
205 189
205 191
205 195
205 197
205 206
205 211
205 226
205 229
205 231
205 248
205 273
205 280
205 294
206 12
206 17
206 30
206 33
206 37
206 39
206 41
206 43
206 50
206 76
206 91
206 110
206 128
206 144
206 163
206 168
206 174
206 186
206 193
206 213
206 215
206 217
206 238
206 253
206 259
206 261
206 264
206 269
206 277
206 286
206 288
207 2
207 22
207 25
207 27
207 48
207 57
207 68
207 78
207 93
207 113
207 117
207 121
207 125
207 136
207 154
207 170
207 176
207 181
207 188
207 196
207 198
207 224
207 236
207 247
207 256
207 267
207 274
207 280
207 297
208 11
208 19
208 34
208 41
208 43
208 52
208 54
208 61
208 64
208 76
208 83
208 88
208 90
208 97
208 104
208 110
208 131
208 134
208 147
208 150
208 185
208 191
208 201
208 205
208 210
208 222
208 241
208 243
208 245
208 249
208 253
208 262
208 284
208 290
208 293
209 3
209 13
209 17
209 23
209 32
209 36
209 48
209 58
209 72
209 79
209 86
209 106
209 120
209 124
209 136
209 141
209 144
209 152
209 159
209 189
209 196
209 198
209 207
209 212
209 217
209 220
209 228
209 232
209 235
209 251
209 267
209 270
209 277
209 286
210 8
210 28
210 41
210 56
210 61
210 67
210 74
210 100
210 110
210 112
210 117
210 138
210 147
210 163
210 166
210 171
210 178
210 192
210 202
210 210
210 226
210 246
210 253
210 263
210 274
210 282
210 290
210 294
210 296
211 5
211 20
211 30
211 44
211 51
211 64
211 76
211 78
211 80
211 82
211 91
211 94
211 97
211 104
211 114
211 123
211 133
211 150
211 152
211 154
211 176
211 182
211 187
211 190
211 204
211 206
211 217
211 222
211 234
211 236
211 239
211 242
211 249
211 255
211 257
211 259
211 268
211 272
212 3
212 22
212 34
212 40
212 48
212 62
212 66
212 69
212 86
212 121
212 128
212 141
212 164
212 173
212 180
212 198
212 211
212 213
212 215
212 225
212 227
212 252
212 274
212 279
212 282
212 285
212 287
212 290
212 292
212 295
212 297
213 13
213 20
213 29
213 36
213 43
213 51
213 54
213 57
213 72
213 76
213 78
213 81
213 83
213 98
213 106
213 108
213 113
213 125
213 137
213 139
213 144
213 148
213 157
213 169
213 185
213 193
213 202
213 204
213 206
213 232
213 234
213 242
213 245
213 270
213 276
214 7
214 10
214 34
214 63
214 65
214 92
214 101
214 103
214 110
214 115
214 135
214 159
214 167
214 190
214 208
214 211
214 223
214 228
214 236
214 240
214 248
214 253
214 261
214 273
214 281
214 283
214 291
215 15
215 20
215 22
215 25
215 30
215 37
215 40
215 43
215 45
215 48
215 56
215 58
215 60
215 72
215 97
215 99
215 123
215 139
215 141
215 161
215 169
215 172
215 176
215 180
215 197
215 199
215 206
215 217
215 238
215 242
215 244
215 250
215 257
215 259
215 264
215 267
215 285
215 289
215 293
215 297
216 10
216 13
216 51
216 53
216 64
216 67
216 69
216 84
216 90
216 101
216 103
216 117
216 127
216 130
216 144
216 146
216 152
216 157
216 182
216 185
216 187
216 193
216 201
216 212
216 219
216 227
216 234
216 253
216 270
216 274
216 279
217 8
217 15
217 17
217 19
217 27
217 30
217 37
217 71
217 76
217 79
217 87
217 93
217 99
217 105
217 110
217 119
217 132
217 135
217 141
217 149
217 168
217 170
217 176
217 207
217 216
217 221
217 223
217 245
217 247
217 249
217 259
217 277
217 281
217 287
217 290
217 294
217 296
217 298
218 4
218 10
218 39
218 47
218 54
218 61
218 66
218 73
218 95
218 97
218 102
218 108
218 130
218 139
218 143
218 151
218 162
218 164
218 184
218 186
218 193
218 204
218 231
218 235
218 242
218 251
218 264
218 275
218 285
219 16
219 23
219 29
219 31
219 34
219 43
219 51
219 63
219 80
219 84
219 90
219 111
219 113
219 119
219 124
219 146
219 155
219 157
219 159
219 174
219 177
219 181
219 195
219 210
219 220
219 224
219 228
219 233
219 258
219 273
219 295
219 297
220 8
220 38
220 41
220 76
220 96
220 105
220 115
220 135
220 139
220 144
220 148
220 150
220 168
220 172
220 191
220 207
220 213
220 217
220 231
220 237
220 239
220 241
220 243
220 255
220 262
220 267
220 270
220 277
220 283
220 290
221 3
221 17
221 20
221 26
221 28
221 45
221 58
221 65
221 72
221 80
221 83
221 100
221 108
221 111
221 120
221 124
221 126
221 188
221 198
221 229
221 233
221 235
221 248
221 265
221 274
221 287
222 1
222 5
222 8
222 14
222 42
222 47
222 49
222 55
222 63
222 70
222 75
222 92
222 95
222 97
222 114
222 129
222 133
222 136
222 142
222 153
222 157
222 161
222 164
222 167
222 177
222 184
222 193
222 204
222 207
222 221
222 224
222 242
222 250
222 261
222 263
222 270
222 298
223 11
223 25
223 57
223 66
223 68
223 83
223 85
223 88
223 102
223 122
223 138
223 145
223 151
223 169
223 174
223 190
223 199
223 210
223 214
223 218
223 227
223 236
223 238
223 244
223 254
223 258
223 267
223 274
223 281
223 289
223 291
223 294
224 2
224 6
224 13
224 17
224 19
224 31
224 45
224 61
224 73
224 79
224 99
224 106
224 116
224 129
224 131
224 134
224 136
224 157
224 178
224 181
224 196
224 205
224 224
224 234
224 242
224 256
224 262
224 272
224 283
224 286
225 23
225 25
225 36
225 39
225 43
225 53
225 64
225 66
225 70
225 83
225 85
225 91
225 108
225 114
225 140
225 142
225 159
225 163
225 165
225 167
225 174
225 186
225 189
225 194
225 198
225 207
225 219
225 227
225 231
225 237
225 247
225 265
225 268
225 276
225 295
226 2
226 4
226 8
226 73
226 96
226 101
226 119
226 123
226 134
226 145
226 149
226 151
226 154
226 156
226 161
226 171
226 179
226 182
226 192
226 214
226 225
226 240
226 253
226 259
226 262
226 279
226 284
227 13
227 19
227 27
227 31
227 42
227 44
227 55
227 71
227 80
227 82
227 85
227 90
227 93
227 110
227 113
227 132
227 141
227 177
227 199
227 204
227 208
227 212
227 218
227 220
227 244
227 250
227 257
227 265
227 270
227 274
227 297
228 2
228 5
228 9
228 11
228 24
228 34
228 49
228 51
228 58
228 63
228 68
228 74
228 88
228 107
228 117
228 120
228 135
228 138
228 148
228 157
228 162
228 166
228 175
228 184
228 216
228 222
228 226
228 228
228 235
228 239
228 246
228 262
228 267
228 287
228 291
229 7
229 28
229 40
229 55
229 77
229 79
229 94
229 97
229 110
229 126
229 152
229 169
229 173
229 181
229 186
229 195
229 201
229 205
229 214
229 219
229 224
229 230
229 241
229 243
229 260
229 278
229 281
229 294
229 297
230 2
230 14
230 26
230 50
230 62
230 65
230 68
230 82
230 90
230 92
230 100
230 118
230 129
230 132
230 137
230 139
230 142
230 145
230 150
230 155
230 157
230 165
230 188
230 197
230 209
230 226
230 234
230 245
230 247
230 252
230 257
230 268
230 276
230 285
230 292
231 8
231 12
231 22
231 24
231 30
231 34
231 39
231 42
231 53
231 71
231 73
231 87
231 105
231 108
231 111
231 147
231 161
231 163
231 167
231 172
231 178
231 185
231 191
231 199
231 214
231 217
231 220
231 231
231 250
231 263
231 272
231 280
231 282
231 289
232 17
232 19
232 28
232 32
232 37
232 45
232 61
232 63
232 66
232 89
232 93
232 97
232 103
232 121
232 123
232 127
232 137
232 139
232 142
232 151
232 154
232 157
232 170
232 181
232 183
232 194
232 196
232 204
232 208
232 212
232 224
232 236
232 238
232 248
232 254
232 269
233 1
233 3
233 7
233 9
233 14
233 23
233 26
233 49
233 74
233 78
233 81
233 83
233 115
233 117
233 130
233 146
233 162
233 165
233 172
233 174
233 186
233 192
233 200
233 229
233 233
233 241
233 244
233 252
233 256
233 261
233 266
233 273
233 276
233 283
233 286
233 291
233 295
234 12
234 16
234 31
234 34
234 52
234 71
234 86
234 101
234 109
234 136
234 138
234 140
234 142
234 151
234 155
234 160
234 176
234 180
234 184
234 188
234 217
234 223
234 225
234 237
234 239
234 247
234 259
234 268
234 271
235 21
235 25
235 38
235 45
235 60
235 63
235 76
235 84
235 92
235 99
235 113
235 117
235 126
235 132
235 158
235 163
235 167
235 169
235 171
235 173
235 194
235 197
235 206
235 210
235 214
235 220
235 255
235 276
235 288
235 294
235 297
236 3
236 9
236 14
236 17
236 28
236 30
236 33
236 36
236 40
236 50
236 56
236 68
236 79
236 87
236 101
236 105
236 108
236 120
236 123
236 128
236 136
236 143
236 148
236 153
236 181
236 186
236 192
236 199
236 204
236 216
236 226
236 230
236 241
236 257
236 263
236 272
236 281
236 285
237 11
237 20
237 42
237 47
237 82
237 85
237 93
237 96
237 99
237 111
237 113
237 115
237 138
237 146
237 162
237 165
237 173
237 177
237 179
237 188
237 219
237 224
237 232
237 235
237 245
237 252
237 254
237 265
237 267
237 275
237 278
237 283
237 298
238 8
238 26
238 35
238 45
238 49
238 51
238 61
238 63
238 65
238 69
238 72
238 76
238 79
238 105
238 117
238 121
238 125
238 130
238 133
238 144
238 149
238 155
238 168
238 170
238 175
238 197
238 209
238 217
238 226
238 230
238 237
238 239
238 241
238 248
238 250
238 260
238 269
238 281
238 295
239 3
239 22
239 31
239 42
239 55
239 59
239 74
239 82
239 90
239 98
239 100
239 138
239 142
239 153
239 157
239 159
239 162
239 164
239 184
239 187
239 189
239 192
239 203
239 219
239 234
239 243
239 246
239 255
239 264
239 273
239 278
239 285
239 297
240 9
240 14
240 17
240 19
240 25
240 33
240 38
240 79
240 87
240 107
240 114
240 117
240 133
240 144
240 170
240 174
240 178
240 197
240 200
240 206
240 208
240 211
240 217
240 222
240 225
240 236
240 239
240 280
240 283
240 288
240 291
241 6
241 12
241 28
241 31
241 56
241 58
241 67
241 69
241 71
241 90
241 98
241 109
241 121
241 123
241 127
241 131
241 136
241 146
241 148
241 157
241 180
241 183
241 204
241 227
241 231
241 233
241 241
241 248
241 255
241 257
241 260
241 268
241 286
242 3
242 15
242 19
242 22
242 25
242 40
242 48
242 51
242 53
242 62
242 76
242 92
242 94
242 96
242 106
242 116
242 118
242 152
242 163
242 165
242 167
242 169
242 171
242 173
242 193
242 208
242 214
242 218
242 223
242 245
242 252
242 273
242 276
242 283
242 293
242 296
243 8
243 12
243 17
243 37
243 45
243 56
243 66
243 72
243 74
243 82
243 84
243 98
243 101
243 108
243 111
243 114
243 137
243 139
243 145
243 156
243 176
243 184
243 197
243 239
243 243
243 256
243 264
243 267
243 280
243 287
244 4
244 6
244 10
244 31
244 54
244 64
244 70
244 80
244 89
244 103
244 125
244 128
244 131
244 135
244 141
244 162
244 168
244 178
244 181
244 187
244 211
244 221
244 237
244 247
244 251
244 253
244 261
244 270
244 276
244 291
245 34
245 41
245 48
245 50
245 57
245 61
245 68
245 76
245 82
245 87
245 117
245 119
245 154
245 157
245 171
245 197
245 201
245 215
245 218
245 224
245 227
245 233
245 239
245 245
245 256
245 266
245 268
245 282
245 287
246 4
246 13
246 17
246 24
246 30
246 37
246 70
246 92
246 95
246 98
246 107
246 112
246 121
246 132
246 135
246 142
246 145
246 152
246 160
246 166
246 173
246 177
246 180
246 184
246 191
246 193
246 207
246 237
246 242
246 249
246 251
246 259
246 262
246 264
246 273
246 278
246 294
246 297
247 7
247 9
247 32
247 49
247 51
247 61
247 64
247 74
247 77
247 79
247 83
247 103
247 116
247 125
247 129
247 149
247 169
247 171
247 186
247 198
247 211
247 219
247 231
247 257
247 271
247 292
248 12
248 15
248 27
248 39
248 47
248 55
248 95
248 106
248 112
248 120
248 127
248 145
248 154
248 158
248 160
248 175
248 180
248 188
248 193
248 196
248 200
248 205
248 215
248 221
248 225
248 235
248 240
248 242
248 245
248 247
248 249
248 254
248 259
248 261
248 268
248 289
248 296
248 298
249 6
249 19
249 23
249 32
249 34
249 36
249 51
249 53
249 67
249 70
249 78
249 90
249 92
249 100
249 108
249 114
249 118
249 135
249 137
249 143
249 165
249 182
249 186
249 208
249 227
249 238
249 272
249 282
249 287
249 294
250 2
250 4
250 12
250 26
250 28
250 42
250 44
250 65
250 73
250 75
250 80
250 105
250 111
250 121
250 126
250 131
250 147
250 153
250 159
250 161
250 168
250 171
250 190
250 192
250 212
250 219
250 223
250 229
250 243
250 245
250 261
250 266
250 289
251 8
251 10
251 19
251 24
251 34
251 46
251 54
251 57
251 59
251 67
251 70
251 87
251 93
251 97
251 108
251 116
251 129
251 138
251 144
251 176
251 182
251 194
251 198
251 217
251 226
251 232
251 251
251 253
251 257
251 270
251 277
251 281
251 283
251 292
252 13
252 15
252 32
252 51
252 62
252 76
252 78
252 113
252 119
252 123
252 133
252 148
252 157
252 170
252 180
252 186
252 188
252 192
252 213
252 219
252 223
252 236
252 239
252 244
252 249
252 259
252 261
252 264
252 267
252 286
252 289
252 297
253 2
253 7
253 11
253 17
253 20
253 22
253 29
253 43
253 53
253 65
253 83
253 102
253 104
253 110
253 121
253 128
253 131
253 143
253 152
253 155
253 164
253 168
253 173
253 175
253 198
253 202
253 207
253 210
253 225
253 252
253 279
253 284
253 295
254 41
254 48
254 60
254 62
254 67
254 73
254 76
254 85
254 98
254 116
254 124
254 136
254 139
254 159
254 177
254 179
254 186
254 189
254 192
254 204
254 221
254 223
254 229
254 236
254 247
254 255
254 258
254 269
254 274
254 288
254 291
255 2
255 8
255 12
255 15
255 21
255 24
255 34
255 37
255 51
255 78
255 93
255 109
255 113
255 118
255 130
255 133
255 141
255 147
255 161
255 166
255 197
255 200
255 216
255 227
255 233
255 242
255 244
255 266
255 276
255 279
255 283
255 296
256 26
256 39
256 41
256 44
256 47
256 53
256 56
256 67
256 69
256 73
256 86
256 88
256 97
256 102
256 104
256 123
256 125
256 136
256 151
256 159
256 163
256 171
256 182
256 190
256 194
256 203
256 210
256 212
256 229
256 235
256 240
256 258
256 260
256 272
256 274
256 287
257 4
257 18
257 23
257 31
257 33
257 61
257 63
257 77
257 83
257 95
257 107
257 113
257 117
257 128
257 134
257 145
257 149
257 156
257 180
257 185
257 205
257 224
257 227
257 263
257 279
257 284
257 294
258 2
258 8
258 11
258 14
258 26
258 28
258 37
258 54
258 66
258 90
258 102
258 110
258 120
258 123
258 142
258 147
258 152
258 161
258 170
258 176
258 188
258 220
258 234
258 244
258 246
258 249
258 251
258 261
258 270
258 275
258 286
258 288
258 292
258 296
259 5
259 23
259 31
259 47
259 51
259 57
259 59
259 69
259 83
259 96
259 106
259 114
259 129
259 133
259 139
259 149
259 164
259 173
259 178
259 181
259 185
259 191
259 206
259 209
259 212
259 214
259 217
259 223
259 225
259 232
259 236
259 238
259 241
259 264
259 267
259 283
259 294
260 11
260 15
260 34
260 38
260 42
260 61
260 64
260 74
260 78
260 80
260 93
260 108
260 117
260 124
260 126
260 160
260 168
260 170
260 196
260 198
260 204
260 228
260 247
260 253
260 255
260 259
260 287
260 289
260 297
261 6
261 13
261 19
261 26
261 30
261 45
261 49
261 51
261 59
261 69
261 87
261 89
261 99
261 103
261 105
261 113
261 115
261 120
261 129
261 132
261 138
261 144
261 147
261 149
261 152
261 154
261 157
261 165
261 173
261 177
261 188
261 193
261 200
261 202
261 213
261 215
261 230
261 244
261 249
261 251
261 261
261 267
261 269
261 275
261 278
261 280
261 282
261 294
262 1
262 9
262 24
262 33
262 38
262 54
262 73
262 77
262 82
262 84
262 92
262 94
262 127
262 141
262 170
262 183
262 195
262 210
262 222
262 233
262 254
262 256
262 273
262 284
262 296
263 19
263 22
263 36
263 41
263 48
263 50
263 57
263 68
263 70
263 97
263 100
263 105
263 108
263 113
263 117
263 119
263 122
263 124
263 137
263 143
263 153
263 162
263 167
263 172
263 181
263 191
263 219
263 224
263 231
263 235
263 239
263 243
263 249
263 258
263 260
263 262
263 266
263 269
263 278
263 291
263 293
264 12
264 15
264 30
264 43
264 53
264 62
264 74
264 77
264 82
264 85
264 92
264 110
264 127
264 129
264 131
264 139
264 148
264 156
264 164
264 175
264 177
264 187
264 198
264 205
264 212
264 221
264 226
264 241
264 246
264 272
264 281
264 287
264 296
265 3
265 6
265 22
265 28
265 32
265 47
265 51
265 80
265 87
265 98
265 133
265 144
265 151
265 159
265 162
265 168
265 170
265 179
265 182
265 184
265 189
265 194
265 201
265 208
265 210
265 214
265 217
265 233
265 236
265 250
265 256
265 258
265 261
265 264
265 266
265 276
265 279
265 285
266 8
266 11
266 18
266 26
266 30
266 42
266 44
266 55
266 64
266 69
266 71
266 73
266 83
266 90
266 94
266 102
266 104
266 111
266 114
266 118
266 120
266 123
266 127
266 138
266 147
266 174
266 199
266 228
266 274
266 282
266 295
266 298
267 1
267 14
267 34
267 48
267 52
267 61
267 67
267 75
267 77
267 79
267 92
267 100
267 106
267 131
267 133
267 140
267 151
267 153
267 156
267 159
267 162
267 168
267 171
267 180
267 187
267 190
267 194
267 215
267 233
267 242
267 247
267 263
267 266
267 268
267 287
268 7
268 10
268 21
268 31
268 40
268 58
268 73
268 81
268 85
268 90
268 97
268 103
268 108
268 116
268 119
268 127
268 136
268 144
268 166
268 176
268 202
268 207
268 209
268 227
268 235
268 238
268 245
268 249
268 252
268 256
268 259
268 273
268 277
268 292
268 296
269 13
269 15
269 25
269 27
269 33
269 35
269 37
269 56
269 61
269 70
269 88
269 106
269 112
269 122
269 124
269 134
269 141
269 146
269 148
269 179
269 182
269 198
269 222
269 242
269 247
269 264
269 275
269 279
269 281
269 284
269 294
270 1
270 19
270 31
270 46
270 53
270 58
270 67
270 73
270 93
270 96
270 100
270 102
270 104
270 114
270 118
270 126
270 131
270 151
270 165
270 170
270 176
270 186
270 189
270 200
270 202
270 210
270 212
270 214
270 226
270 228
270 230
270 235
270 240
270 244
270 262
270 268
270 286
270 290
270 297
271 5
271 7
271 10
271 13
271 16
271 22
271 24
271 39
271 42
271 50
271 61
271 64
271 69
271 79
271 82
271 85
271 87
271 89
271 107
271 112
271 141
271 143
271 156
271 161
271 163
271 173
271 178
271 192
271 195
271 233
271 247
271 250
271 253
271 260
271 270
271 273
271 279
272 28
272 37
272 44
272 59
272 72
272 74
272 94
272 102
272 110
272 134
272 150
272 169
272 181
272 183
272 190
272 205
272 208
272 219
272 223
272 225
272 230
272 237
272 241
272 262
272 285
272 288
272 295
273 2
273 8
273 19
273 22
273 34
273 41
273 47
273 50
273 53
273 57
273 67
273 77
273 84
273 91
273 97
273 99
273 114
273 117
273 122
273 124
273 128
273 131
273 138
273 159
273 177
273 186
273 198
273 202
273 213
273 227
273 233
273 243
273 252
273 255
273 298
274 11
274 27
274 37
274 59
274 70
274 74
274 87
274 93
274 102
274 108
274 120
274 134
274 146
274 148
274 153
274 162
274 165
274 170
274 174
274 189
274 196
274 206
274 208
274 210
274 258
274 272
274 282
274 286
274 289
275 7
275 15
275 18
275 22
275 30
275 39
275 47
275 51
275 62
275 67
275 97
275 106
275 111
275 113
275 126
275 159
275 172
275 183
275 193
275 200
275 202
275 232
275 238
275 255
275 263
275 268
275 274
275 291
275 297
276 11
276 13
276 25
276 28
276 32
276 42
276 45
276 57
276 73
276 82
276 92
276 103
276 115
276 117
276 119
276 121
276 133
276 145
276 151
276 157
276 165
276 174
276 187
276 189
276 196
276 198
276 206
276 210
276 215
276 217
276 221
276 224
276 227
276 245
276 265
276 278
276 282
277 2
277 23
277 35
277 60
277 78
277 80
277 86
277 88
277 95
277 101
277 107
277 110
277 113
277 125
277 131
277 140
277 143
277 154
277 161
277 163
277 170
277 177
277 179
277 182
277 200
277 204
277 208
277 234
277 241
277 249
277 253
277 255
277 263
277 270
277 284
277 286
277 291
277 296
277 298
278 7
278 10
278 12
278 14
278 20
278 30
278 33
278 38
278 48
278 54
278 66
278 69
278 71
278 75
278 83
278 90
278 119
278 121
278 136
278 145
278 149
278 159
278 190
278 192
278 196
278 198
278 225
278 228
278 231
278 244
278 259
278 276
278 289
279 1
279 18
279 26
279 45
279 60
279 62
279 93
279 100
279 103
279 116
279 124
279 162
279 172
279 175
279 187
279 202
279 205
279 209
279 212
279 242
279 269
279 272
279 281
279 283
279 285
279 287
279 291
279 293
279 295
279 297
280 12
280 21
280 32
280 37
280 42
280 71
280 73
280 75
280 81
280 87
280 98
280 109
280 126
280 130
280 133
280 137
280 141
280 164
280 167
280 169
280 195
280 199
280 214
280 219
280 223
280 240
280 253
280 256
280 261
280 275
280 277
280 279
281 5
281 7
281 10
281 19
281 23
281 29
281 39
281 44
281 50
281 58
281 63
281 65
281 69
281 79
281 89
281 101
281 107
281 121
281 135
281 139
281 149
281 153
281 158
281 174
281 179
281 182
281 185
281 187
281 202
281 208
281 211
281 229
281 234
281 237
281 243
281 245
281 264
281 271
281 284
281 291
282 12
282 15
282 25
282 34
282 54
282 72
282 77
282 81
282 85
282 97
282 105
282 112
282 123
282 126
282 137
282 155
282 161
282 164
282 190
282 196
282 199
282 223
282 226
282 258
282 277
282 288
283 1
283 10
283 19
283 48
283 52
283 65
283 68
283 75
283 88
283 94
283 103
283 115
283 117
283 129
283 150
283 152
283 157
283 167
283 170
283 176
283 182
283 186
283 193
283 204
283 214
283 218
283 238
283 242
283 244
283 247
283 252
283 267
283 281
283 283
283 285
283 294
284 4
284 6
284 8
284 13
284 24
284 32
284 40
284 57
284 79
284 85
284 99
284 108
284 110
284 119
284 121
284 140
284 143
284 145
284 147
284 163
284 173
284 184
284 206
284 211
284 230
284 234
284 236
284 261
284 265
284 270
284 291
285 17
285 29
285 34
285 36
285 42
285 45
285 53
285 62
285 65
285 72
285 74
285 81
285 112
285 116
285 127
285 132
285 135
285 152
285 157
285 159
285 167
285 169
285 187
285 189
285 194
285 197
285 199
285 209
285 224
285 228
285 245
285 250
285 258
285 267
285 274
285 287
285 296
286 2
286 13
286 24
286 39
286 48
286 51
286 68
286 77
286 87
286 89
286 95
286 114
286 140
286 146
286 149
286 171
286 174
286 182
286 213
286 219
286 235
286 238
286 241
286 243
286 256
286 281
286 285
286 291
287 6
287 20
287 31
287 43
287 59
287 64
287 66
287 70
287 72
287 84
287 93
287 103
287 111
287 122
287 129
287 135
287 151
287 154
287 159
287 162
287 178
287 180
287 188
287 196
287 205
287 208
287 211
287 225
287 227
287 276
287 279
287 287
288 1
288 29
288 47
288 82
288 88
288 99
288 116
288 124
288 131
288 137
288 176
288 185
288 190
288 199
288 201
288 221
288 233
288 243
288 246
288 251
288 263
288 265
288 281
288 284
288 289
288 291
289 12
289 14
289 36
289 43
289 45
289 53
289 56
289 65
289 69
289 75
289 95
289 108
289 120
289 141
289 149
289 154
289 159
289 172
289 224
289 235
289 240
289 248
289 254
289 258
289 268
289 276
289 294
290 6
290 10
290 19
290 28
290 31
290 34
290 59
290 92
290 105
290 130
290 135
290 145
290 163
290 166
290 170
290 174
290 176
290 182
290 185
290 189
290 197
290 201
290 203
290 205
290 207
290 211
290 219
290 229
290 237
290 244
290 250
290 252
290 262
290 273
290 286
291 4
291 14
291 24
291 40
291 52
291 71
291 77
291 79
291 82
291 84
291 88
291 90
291 95
291 99
291 107
291 112
291 118
291 124
291 133
291 191
291 194
291 199
291 209
291 215
291 217
291 231
291 242
291 256
291 267
291 277
291 294
291 296
292 8
292 16
292 27
292 33
292 45
292 50
292 63
292 67
292 69
292 75
292 97
292 102
292 131
292 141
292 149
292 156
292 160
292 168
292 171
292 175
292 178
292 213
292 220
292 225
292 228
292 234
292 236
292 244
292 254
292 258
292 271
292 284
292 288
292 291
293 13
293 23
293 30
293 35
293 38
293 43
293 57
293 71
293 77
293 79
293 84
293 91
293 94
293 104
293 108
293 111
293 114
293 117
293 122
293 126
293 128
293 152
293 162
293 164
293 173
293 187
293 191
293 207
293 217
293 223
293 230
293 240
293 242
293 247
293 251
293 262
293 265
293 278
293 281
293 294
293 297
294 1
294 6
294 21
294 26
294 53
294 64
294 67
294 74
294 97
294 102
294 136
294 148
294 154
294 175
294 181
294 189
294 202
294 211
294 226
294 234
294 236
294 260
294 275
294 288
295 12
295 38
295 47
295 49
295 55
295 60
295 80
295 85
295 91
295 93
295 104
295 107
295 123
295 127
295 130
295 132
295 138
295 141
295 143
295 146
295 156
295 167
295 185
295 192
295 197
295 204
295 220
295 228
295 254
295 263
295 271
295 284
295 292
296 9
296 15
296 19
296 22
296 24
296 28
296 31
296 41
296 44
296 52
296 62
296 68
296 70
296 76
296 98
296 111
296 116
296 118
296 120
296 134
296 154
296 162
296 169
296 177
296 179
296 181
296 208
296 231
296 236
296 245
296 247
296 249
296 266
296 269
296 273
296 275
296 277
296 290
296 296
297 3
297 12
297 33
297 37
297 46
297 72
297 79
297 82
297 85
297 87
297 114
297 129
297 131
297 137
297 142
297 144
297 156
297 175
297 185
297 187
297 195
297 198
297 201
297 213
297 215
297 238
297 242
297 252
297 264
297 282
297 293
298 7
298 17
298 27
298 48
298 92
298 101
298 120
298 123
298 134
298 139
298 149
298 153
298 158
298 173
298 192
298 217
298 219
298 223
298 227
298 230
298 232
298 240
298 250
298 255
298 257
298 262
298 290
